100
4950
1
2
3
4
5
6
7
8
9
10
11
12
13
14
15
16
17
18
19
20
21
22
23
24
25
26
27
28
29
30
31
32
33
34
35
36
37
38
39
40
41
42
43
44
45
46
47
48
49
50
51
52
53
54
55
56
57
58
59
60
61
62
63
64
65
66
67
68
69
70
71
72
73
74
75
76
77
78
79
80
81
82
83
84
85
86
87
88
89
90
91
92
93
94
95
96
97
98
99
100
1 1 2 73
2 2 3 31
3 3 4 8
4 4 5 23
5 5 6 68
6 6 7 61
7 7 8 43
8 8 9 95
9 9 10 27
10 10 11 20
11 11 12 57
12 12 13 34
13 13 14 9
14 14 15 72
15 15 16 99
16 16 17 73
17 17 18 75
18 18 19 1
19 19 20 81
20 20 21 98
21 21 22 73
22 22 23 44
23 23 24 7
24 24 25 60
25 25 26 65
26 26 27 31
27 27 28 95
28 28 29 89
29 29 30 81
30 30 31 5
31 31 32 40
32 32 33 4
33 33 34 54
34 34 35 75
35 35 36 46
36 36 37 33
37 37 38 56
38 38 39 75
39 39 40 10
40 40 41 26
41 41 42 53
42 42 43 51
43 43 44 80
44 44 45 93
45 45 46 16
46 46 47 94
47 47 48 80
48 48 49 75
49 49 50 15
50 50 51 72
51 51 52 74
52 52 53 39
53 53 54 48
54 54 55 100
55 55 56 18
56 56 57 20
57 57 58 30
58 58 59 5
59 59 60 54
60 60 61 87
61 61 62 35
62 62 63 26
63 63 64 9
64 64 65 65
65 65 66 77
66 66 67 71
67 67 68 20
68 68 69 59
69 69 70 95
70 70 71 91
71 71 72 2
72 72 73 99
73 73 74 82
74 74 75 71
75 75 76 22
76 76 77 21
77 77 78 84
78 78 79 27
79 79 80 11
80 80 81 2
81 81 82 79
82 82 83 7
83 83 84 11
84 84 85 69
85 85 86 69
86 86 87 29
87 87 88 17
88 88 89 22
89 89 90 6
90 90 91 34
91 91 92 43
92 92 93 12
93 93 94 22
94 94 95 37
95 95 96 29
96 96 97 10
97 97 98 93
98 98 99 31
99 99 100 50
100 100 1 30
101 1 3 53
102 2 4 83
103 3 5 83
104 4 6 77
105 5 7 39
106 6 8 58
107 7 9 69
108 8 10 13
109 9 11 92
110 10 12 59
111 11 13 22
112 12 14 27
113 13 15 33
114 14 16 11
115 15 17 40
116 16 18 67
117 17 19 12
118 18 20 55
119 19 21 89
120 20 22 10
121 21 23 85
122 22 24 36
123 23 25 62
124 24 26 28
125 25 27 10
126 26 28 96
127 27 29 31
128 28 30 10
129 29 31 43
130 30 32 51
131 31 33 79
132 32 34 82
133 33 35 48
134 34 36 61
135 35 37 53
136 36 38 52
137 37 39 47
138 38 40 38
139 39 41 97
140 40 42 99
141 41 43 65
142 42 44 10
143 43 45 43
144 44 46 52
145 45 47 100
146 46 48 2
147 47 49 60
148 48 50 94
149 49 51 34
150 50 52 38
151 51 53 51
152 52 54 87
153 53 55 52
154 54 56 17
155 55 57 59
156 56 58 6
157 57 59 77
158 58 60 22
159 59 61 13
160 60 62 94
161 61 63 33
162 62 64 40
163 63 65 65
164 64 66 58
165 65 67 74
166 66 68 64
167 67 69 15
168 68 70 5
169 69 71 54
170 70 72 57
171 71 73 100
172 72 74 23
173 73 75 1
174 74 76 100
175 75 77 39
176 76 78 69
177 77 79 64
178 78 80 81
179 79 81 93
180 80 82 10
181 81 83 2
182 82 84 66
183 83 85 92
184 84 86 78
185 85 87 54
186 86 88 91
187 87 89 74
188 88 90 91
189 89 91 81
190 90 92 66
191 91 93 77
192 92 94 50
193 93 95 29
194 94 96 92
195 95 97 90
196 96 98 43
197 97 99 7
198 98 100 99
199 99 1 11
200 100 2 8
201 1 4 5
202 2 5 73
203 3 6 61
204 4 7 67
205 5 8 18
206 6 9 81
207 7 10 50
208 8 11 25
209 9 12 42
210 10 13 1
211 11 14 13
212 12 15 54
213 13 16 29
214 14 17 96
215 15 18 71
216 16 19 67
217 17 20 99
218 18 21 96
219 19 22 98
220 20 23 67
221 21 24 94
222 22 25 82
223 23 26 28
224 24 27 53
225 25 28 59
226 26 29 49
227 27 30 87
228 28 31 92
229 29 32 93
230 30 33 72
231 31 34 15
232 32 35 20
233 33 36 71
234 34 37 96
235 35 38 11
236 36 39 16
237 37 40 4
238 38 41 70
239 39 42 79
240 40 43 93
241 41 44 73
242 42 45 60
243 43 46 45
244 44 47 70
245 45 48 69
246 46 49 14
247 47 50 83
248 48 51 61
249 49 52 56
250 50 53 11
251 51 54 40
252 52 55 61
253 53 56 58
254 54 57 17
255 55 58 74
256 56 59 35
257 57 60 45
258 58 61 65
259 59 62 76
260 60 63 74
261 61 64 66
262 62 65 86
263 63 66 76
264 64 67 30
265 65 68 88
266 66 69 13
267 67 70 7
268 68 71 5
269 69 72 97
270 70 73 49
271 71 74 71
272 72 75 68
273 73 76 29
274 74 77 72
275 75 78 69
276 76 79 12
277 77 80 60
278 78 81 41
279 79 82 23
280 80 83 92
281 81 84 92
282 82 85 68
283 83 86 100
284 84 87 37
285 85 88 35
286 86 89 55
287 87 90 27
288 88 91 93
289 89 92 5
290 90 93 50
291 91 94 96
292 92 95 92
293 93 96 97
294 94 97 9
295 95 98 41
296 96 99 13
297 97 100 16
298 98 1 100
299 99 2 53
300 100 3 67
301 1 5 11
302 2 6 68
303 3 7 39
304 4 8 71
305 5 9 7
306 6 10 36
307 7 11 52
308 8 12 5
309 9 13 14
310 10 14 98
311 11 15 96
312 12 16 13
313 13 17 63
314 14 18 15
315 15 19 94
316 16 20 72
317 17 21 28
318 18 22 76
319 19 23 67
320 20 24 71
321 21 25 51
322 22 26 22
323 23 27 9
324 24 28 95
325 25 29 7
326 26 30 13
327 27 31 32
328 28 32 38
329 29 33 12
330 30 34 9
331 31 35 13
332 32 36 81
333 33 37 6
334 34 38 73
335 35 39 65
336 36 40 46
337 37 41 66
338 38 42 31
339 39 43 48
340 40 44 16
341 41 45 21
342 42 46 67
343 43 47 70
344 44 48 40
345 45 49 57
346 46 50 48
347 47 51 58
348 48 52 14
349 49 53 86
350 50 54 96
351 51 55 77
352 52 56 45
353 53 57 89
354 54 58 23
355 55 59 57
356 56 60 35
357 57 61 91
358 58 62 62
359 59 63 35
360 60 64 60
361 61 65 95
362 62 66 12
363 63 67 98
364 64 68 65
365 65 69 84
366 66 70 78
367 67 71 33
368 68 72 60
369 69 73 62
370 70 74 19
371 71 75 27
372 72 76 18
373 73 77 19
374 74 78 66
375 75 79 53
376 76 80 40
377 77 81 59
378 78 82 11
379 79 83 83
380 80 84 82
381 81 85 99
382 82 86 59
383 83 87 78
384 84 88 41
385 85 89 89
386 86 90 4
387 87 91 41
388 88 92 7
389 89 93 57
390 90 94 92
391 91 95 11
392 92 96 96
393 93 97 78
394 94 98 61
395 95 99 41
396 96 100 43
397 97 1 63
398 98 2 61
399 99 3 1
400 100 4 6
401 1 6 76
402 2 7 11
403 3 8 82
404 4 9 62
405 5 10 88
406 6 11 78
407 7 12 56
408 8 13 74
409 9 14 76
410 10 15 32
411 11 16 10
412 12 17 73
413 13 18 10
414 14 19 77
415 15 20 30
416 16 21 50
417 17 22 14
418 18 23 65
419 19 24 81
420 20 25 80
421 21 26 61
422 22 27 99
423 23 28 88
424 24 29 86
425 25 30 68
426 26 31 92
427 27 32 30
428 28 33 84
429 29 34 35
430 30 35 36
431 31 36 28
432 32 37 99
433 33 38 18
434 34 39 99
435 35 40 93
436 36 41 2
437 37 42 86
438 38 43 50
439 39 44 93
440 40 45 61
441 41 46 17
442 42 47 87
443 43 48 71
444 44 49 58
445 45 50 96
446 46 51 26
447 47 52 57
448 48 53 82
449 49 54 21
450 50 55 94
451 51 56 81
452 52 57 61
453 53 58 32
454 54 59 52
455 55 60 66
456 56 61 25
457 57 62 1
458 58 63 21
459 59 64 69
460 60 65 92
461 61 66 70
462 62 67 42
463 63 68 73
464 64 69 80
465 65 70 31
466 66 71 27
467 67 72 23
468 68 73 98
469 69 74 51
470 70 75 32
471 71 76 46
472 72 77 42
473 73 78 45
474 74 79 36
475 75 80 82
476 76 81 46
477 77 82 87
478 78 83 19
479 79 84 55
480 80 85 5
481 81 86 97
482 82 87 55
483 83 88 1
484 84 89 3
485 85 90 13
486 86 91 9
487 87 92 77
488 88 93 66
489 89 94 41
490 90 95 84
491 91 96 54
492 92 97 82
493 93 98 54
494 94 99 90
495 95 100 69
496 96 1 12
497 97 2 76
498 98 3 19
499 99 4 94
500 100 5 91
501 1 7 98
502 2 8 67
503 3 9 68
504 4 10 49
505 5 11 88
506 6 12 83
507 7 13 11
508 8 14 21
509 9 15 90
510 10 16 94
511 11 17 59
512 12 18 44
513 13 19 22
514 14 20 64
515 15 21 16
516 16 22 25
517 17 23 60
518 18 24 35
519 19 25 60
520 20 26 20
521 21 27 13
522 22 28 94
523 23 29 61
524 24 30 43
525 25 31 14
526 26 32 54
527 27 33 84
528 28 34 16
529 29 35 19
530 30 36 47
531 31 37 40
532 32 38 89
533 33 39 88
534 34 40 35
535 35 41 51
536 36 42 37
537 37 43 38
538 38 44 89
539 39 45 13
540 40 46 42
541 41 47 85
542 42 48 60
543 43 49 39
544 44 50 19
545 45 51 72
546 46 52 53
547 47 53 27
548 48 54 96
549 49 55 70
550 50 56 59
551 51 57 24
552 52 58 24
553 53 59 72
554 54 60 81
555 55 61 21
556 56 62 34
557 57 63 23
558 58 64 9
559 59 65 89
560 60 66 71
561 61 67 47
562 62 68 35
563 63 69 22
564 64 70 43
565 65 71 56
566 66 72 80
567 67 73 50
568 68 74 22
569 69 75 44
570 70 76 24
571 71 77 66
572 72 78 73
573 73 79 37
574 74 80 90
575 75 81 65
576 76 82 33
577 77 83 52
578 78 84 34
579 79 85 50
580 80 86 84
581 81 87 54
582 82 88 71
583 83 89 46
584 84 90 69
585 85 91 98
586 86 92 95
587 87 93 23
588 88 94 60
589 89 95 64
590 90 96 59
591 91 97 58
592 92 98 46
593 93 99 12
594 94 100 87
595 95 1 16
596 96 2 46
597 97 3 22
598 98 4 46
599 99 5 99
600 100 6 41
601 1 8 53
602 2 9 42
603 3 10 96
604 4 11 24
605 5 12 85
606 6 13 22
607 7 14 82
608 8 15 19
609 9 16 93
610 10 17 39
611 11 18 25
612 12 19 4
613 13 20 100
614 14 21 1
615 15 22 39
616 16 23 4
617 17 24 36
618 18 25 94
619 19 26 3
620 20 27 97
621 21 28 33
622 22 29 44
623 23 30 1
624 24 31 1
625 25 32 95
626 26 33 23
627 27 34 54
628 28 35 29
629 29 36 10
630 30 37 73
631 31 38 60
632 32 39 54
633 33 40 5
634 34 41 45
635 35 42 52
636 36 43 36
637 37 44 13
638 38 45 62
639 39 46 33
640 40 47 65
641 41 48 56
642 42 49 77
643 43 50 8
644 44 51 72
645 45 52 77
646 46 53 71
647 47 54 54
648 48 55 37
649 49 56 89
650 50 57 60
651 51 58 21
652 52 59 96
653 53 60 70
654 54 61 33
655 55 62 67
656 56 63 19
657 57 64 3
658 58 65 80
659 59 66 51
660 60 67 33
661 61 68 29
662 62 69 69
663 63 70 70
664 64 71 49
665 65 72 37
666 66 73 55
667 67 74 1
668 68 75 36
669 69 76 18
670 70 77 45
671 71 78 36
672 72 79 50
673 73 80 27
674 74 81 42
675 75 82 74
676 76 83 17
677 77 84 28
678 78 85 7
679 79 86 46
680 80 87 63
681 81 88 89
682 82 89 15
683 83 90 53
684 84 91 45
685 85 92 96
686 86 93 96
687 87 94 72
688 88 95 73
689 89 96 37
690 90 97 8
691 91 98 81
692 92 99 6
693 93 100 94
694 94 1 42
695 95 2 1
696 96 3 32
697 97 4 76
698 98 5 38
699 99 6 33
700 100 7 13
701 1 9 7
702 2 10 38
703 3 11 41
704 4 12 10
705 5 13 24
706 6 14 43
707 7 15 24
708 8 16 7
709 9 17 41
710 10 18 96
711 11 19 70
712 12 20 6
713 13 21 33
714 14 22 73
715 15 23 30
716 16 24 45
717 17 25 6
718 18 26 66
719 19 27 36
720 20 28 30
721 21 29 59
722 22 30 9
723 23 31 98
724 24 32 67
725 25 33 2
726 26 34 97
727 27 35 61
728 28 36 6
729 29 37 14
730 30 38 44
731 31 39 22
732 32 40 6
733 33 41 100
734 34 42 47
735 35 43 37
736 36 44 38
737 37 45 91
738 38 46 73
739 39 47 38
740 40 48 81
741 41 49 21
742 42 50 62
743 43 51 87
744 44 52 44
745 45 53 76
746 46 54 57
747 47 55 6
748 48 56 68
749 49 57 41
750 50 58 79
751 51 59 14
752 52 60 79
753 53 61 99
754 54 62 97
755 55 63 47
756 56 64 44
757 57 65 91
758 58 66 72
759 59 67 61
760 60 68 61
761 61 69 7
762 62 70 8
763 63 71 93
764 64 72 57
765 65 73 25
766 66 74 35
767 67 75 16
768 68 76 86
769 69 77 34
770 70 78 38
771 71 79 56
772 72 80 56
773 73 81 79
774 74 82 56
775 75 83 93
776 76 84 78
777 77 85 66
778 78 86 38
779 79 87 47
780 80 88 93
781 81 89 87
782 82 90 36
783 83 91 68
784 84 92 63
785 85 93 41
786 86 94 6
787 87 95 24
788 88 96 74
789 89 97 15
790 90 98 36
791 91 99 51
792 92 100 9
793 93 1 100
794 94 2 42
795 95 3 30
796 96 4 14
797 97 5 27
798 98 6 2
799 99 7 38
800 100 8 61
801 1 10 87
802 2 11 96
803 3 12 98
804 4 13 88
805 5 14 71
806 6 15 100
807 7 16 88
808 8 17 71
809 9 18 84
810 10 19 42
811 11 20 14
812 12 21 41
813 13 22 10
814 14 23 99
815 15 24 60
816 16 25 55
817 17 26 31
818 18 27 82
819 19 28 44
820 20 29 33
821 21 30 38
822 22 31 26
823 23 32 45
824 24 33 59
825 25 34 5
826 26 35 78
827 27 36 65
828 28 37 3
829 29 38 25
830 30 39 12
831 31 40 35
832 32 41 64
833 33 42 14
834 34 43 18
835 35 44 75
836 36 45 72
837 37 46 33
838 38 47 13
839 39 48 7
840 40 49 37
841 41 50 68
842 42 51 40
843 43 52 82
844 44 53 40
845 45 54 18
846 46 55 34
847 47 56 55
848 48 57 83
849 49 58 83
850 50 59 55
851 51 60 13
852 52 61 4
853 53 62 30
854 54 63 76
855 55 64 100
856 56 65 39
857 57 66 56
858 58 67 27
859 59 68 86
860 60 69 21
861 61 70 84
862 62 71 97
863 63 72 6
864 64 73 14
865 65 74 1
866 66 75 55
867 67 76 17
868 68 77 80
869 69 78 46
870 70 79 11
871 71 80 55
872 72 81 52
873 73 82 89
874 74 83 84
875 75 84 49
876 76 85 88
877 77 86 65
878 78 87 35
879 79 88 57
880 80 89 62
881 81 90 64
882 82 91 4
883 83 92 49
884 84 93 12
885 85 94 13
886 86 95 20
887 87 96 71
888 88 97 100
889 89 98 87
890 90 99 20
891 91 100 64
892 92 1 6
893 93 2 47
894 94 3 85
895 95 4 24
896 96 5 60
897 97 6 70
898 98 7 49
899 99 8 70
900 100 9 89
901 1 11 69
902 2 12 79
903 3 13 77
904 4 14 49
905 5 15 40
906 6 16 46
907 7 17 97
908 8 18 32
909 9 19 17
910 10 20 68
911 11 21 69
912 12 22 37
913 13 23 43
914 14 24 89
915 15 25 65
916 16 26 21
917 17 27 19
918 18 28 24
919 19 29 56
920 20 30 55
921 21 31 93
922 22 32 98
923 23 33 60
924 24 34 38
925 25 35 34
926 26 36 4
927 27 37 61
928 28 38 5
929 29 39 100
930 30 40 47
931 31 41 7
932 32 42 51
933 33 43 71
934 34 44 31
935 35 45 83
936 36 46 16
937 37 47 15
938 38 48 42
939 39 49 31
940 40 50 18
941 41 51 18
942 42 52 91
943 43 53 69
944 44 54 71
945 45 55 79
946 46 56 53
947 47 57 21
948 48 58 2
949 49 59 22
950 50 60 86
951 51 61 13
952 52 62 71
953 53 63 26
954 54 64 90
955 55 65 55
956 56 66 37
957 57 67 45
958 58 68 82
959 59 69 61
960 60 70 78
961 61 71 32
962 62 72 21
963 63 73 80
964 64 74 57
965 65 75 98
966 66 76 80
967 67 77 53
968 68 78 64
969 69 79 65
970 70 80 41
971 71 81 71
972 72 82 71
973 73 83 54
974 74 84 66
975 75 85 99
976 76 86 89
977 77 87 60
978 78 88 90
979 79 89 32
980 80 90 3
981 81 91 76
982 82 92 5
983 83 93 80
984 84 94 73
985 85 95 39
986 86 96 36
987 87 97 78
988 88 98 94
989 89 99 93
990 90 100 12
991 91 1 4
992 92 2 31
993 93 3 37
994 94 4 51
995 95 5 32
996 96 6 76
997 97 7 13
998 98 8 42
999 99 9 9
1000 100 10 33
1001 1 12 70
1002 2 13 93
1003 3 14 61
1004 4 15 86
1005 5 16 27
1006 6 17 84
1007 7 18 44
1008 8 19 38
1009 9 20 71
1010 10 21 7
1011 11 22 68
1012 12 23 9
1013 13 24 12
1014 14 25 41
1015 15 26 91
1016 16 27 77
1017 17 28 75
1018 18 29 60
1019 19 30 52
1020 20 31 13
1021 21 32 29
1022 22 33 52
1023 23 34 73
1024 24 35 71
1025 25 36 43
1026 26 37 69
1027 27 38 25
1028 28 39 80
1029 29 40 85
1030 30 41 62
1031 31 42 37
1032 32 43 17
1033 33 44 7
1034 34 45 95
1035 35 46 97
1036 36 47 4
1037 37 48 80
1038 38 49 37
1039 39 50 20
1040 40 51 23
1041 41 52 90
1042 42 53 60
1043 43 54 15
1044 44 55 48
1045 45 56 75
1046 46 57 90
1047 47 58 18
1048 48 59 54
1049 49 60 75
1050 50 61 71
1051 51 62 48
1052 52 63 67
1053 53 64 57
1054 54 65 91
1055 55 66 54
1056 56 67 67
1057 57 68 10
1058 58 69 59
1059 59 70 73
1060 60 71 16
1061 61 72 96
1062 62 73 50
1063 63 74 95
1064 64 75 65
1065 65 76 79
1066 66 77 96
1067 67 78 94
1068 68 79 68
1069 69 80 38
1070 70 81 81
1071 71 82 47
1072 72 83 3
1073 73 84 55
1074 74 85 22
1075 75 86 50
1076 76 87 55
1077 77 88 52
1078 78 89 48
1079 79 90 7
1080 80 91 36
1081 81 92 5
1082 82 93 55
1083 83 94 57
1084 84 95 72
1085 85 96 22
1086 86 97 22
1087 87 98 37
1088 88 99 74
1089 89 100 27
1090 90 1 17
1091 91 2 45
1092 92 3 72
1093 93 4 41
1094 94 5 52
1095 95 6 45
1096 96 7 88
1097 97 8 18
1098 98 9 58
1099 99 10 53
1100 100 11 31
1101 1 13 100
1102 2 14 72
1103 3 15 52
1104 4 16 67
1105 5 17 38
1106 6 18 47
1107 7 19 65
1108 8 20 71
1109 9 21 43
1110 10 22 39
1111 11 23 68
1112 12 24 45
1113 13 25 27
1114 14 26 17
1115 15 27 24
1116 16 28 19
1117 17 29 11
1118 18 30 32
1119 19 31 47
1120 20 32 41
1121 21 33 41
1122 22 34 87
1123 23 35 61
1124 24 36 45
1125 25 37 24
1126 26 38 74
1127 27 39 48
1128 28 40 20
1129 29 41 49
1130 30 42 94
1131 31 43 98
1132 32 44 52
1133 33 45 78
1134 34 46 98
1135 35 47 93
1136 36 48 23
1137 37 49 98
1138 38 50 72
1139 39 51 44
1140 40 52 79
1141 41 53 92
1142 42 54 55
1143 43 55 51
1144 44 56 90
1145 45 57 1
1146 46 58 46
1147 47 59 17
1148 48 60 69
1149 49 61 28
1150 50 62 8
1151 51 63 79
1152 52 64 71
1153 53 65 97
1154 54 66 66
1155 55 67 60
1156 56 68 71
1157 57 69 30
1158 58 70 94
1159 59 71 7
1160 60 72 81
1161 61 73 95
1162 62 74 33
1163 63 75 69
1164 64 76 100
1165 65 77 64
1166 66 78 47
1167 67 79 36
1168 68 80 6
1169 69 81 59
1170 70 82 49
1171 71 83 50
1172 72 84 68
1173 73 85 88
1174 74 86 56
1175 75 87 74
1176 76 88 42
1177 77 89 9
1178 78 90 41
1179 79 91 84
1180 80 92 61
1181 81 93 86
1182 82 94 36
1183 83 95 67
1184 84 96 29
1185 85 97 97
1186 86 98 96
1187 87 99 40
1188 88 100 25
1189 89 1 86
1190 90 2 82
1191 91 3 60
1192 92 4 88
1193 93 5 72
1194 94 6 50
1195 95 7 94
1196 96 8 83
1197 97 9 59
1198 98 10 71
1199 99 11 46
1200 100 12 5
1201 1 14 9
1202 2 15 83
1203 3 16 41
1204 4 17 70
1205 5 18 98
1206 6 19 30
1207 7 20 26
1208 8 21 90
1209 9 22 33
1210 10 23 21
1211 11 24 64
1212 12 25 72
1213 13 26 40
1214 14 27 70
1215 15 28 77
1216 16 29 66
1217 17 30 43
1218 18 31 70
1219 19 32 11
1220 20 33 60
1221 21 34 64
1222 22 35 16
1223 23 36 45
1224 24 37 45
1225 25 38 57
1226 26 39 4
1227 27 40 20
1228 28 41 80
1229 29 42 10
1230 30 43 54
1231 31 44 94
1232 32 45 35
1233 33 46 93
1234 34 47 20
1235 35 48 87
1236 36 49 20
1237 37 50 3
1238 38 51 33
1239 39 52 98
1240 40 53 89
1241 41 54 49
1242 42 55 88
1243 43 56 14
1244 44 57 21
1245 45 58 62
1246 46 59 60
1247 47 60 50
1248 48 61 27
1249 49 62 63
1250 50 63 65
1251 51 64 42
1252 52 65 31
1253 53 66 84
1254 54 67 63
1255 55 68 71
1256 56 69 47
1257 57 70 89
1258 58 71 5
1259 59 72 84
1260 60 73 16
1261 61 74 73
1262 62 75 17
1263 63 76 54
1264 64 77 37
1265 65 78 22
1266 66 79 62
1267 67 80 17
1268 68 81 98
1269 69 82 89
1270 70 83 54
1271 71 84 52
1272 72 85 9
1273 73 86 91
1274 74 87 89
1275 75 88 15
1276 76 89 1
1277 77 90 97
1278 78 91 57
1279 79 92 26
1280 80 93 12
1281 81 94 43
1282 82 95 36
1283 83 96 85
1284 84 97 39
1285 85 98 7
1286 86 99 63
1287 87 100 54
1288 88 1 79
1289 89 2 68
1290 90 3 8
1291 91 4 70
1292 92 5 18
1293 93 6 89
1294 94 7 38
1295 95 8 100
1296 96 9 38
1297 97 10 96
1298 98 11 23
1299 99 12 11
1300 100 13 57
1301 1 15 95
1302 2 16 43
1303 3 17 86
1304 4 18 50
1305 5 19 57
1306 6 20 56
1307 7 21 93
1308 8 22 80
1309 9 23 72
1310 10 24 77
1311 11 25 49
1312 12 26 12
1313 13 27 5
1314 14 28 22
1315 15 29 47
1316 16 30 23
1317 17 31 8
1318 18 32 84
1319 19 33 42
1320 20 34 20
1321 21 35 23
1322 22 36 53
1323 23 37 22
1324 24 38 91
1325 25 39 1
1326 26 40 3
1327 27 41 13
1328 28 42 27
1329 29 43 16
1330 30 44 1
1331 31 45 100
1332 32 46 21
1333 33 47 98
1334 34 48 58
1335 35 49 1
1336 36 50 33
1337 37 51 42
1338 38 52 68
1339 39 53 100
1340 40 54 61
1341 41 55 23
1342 42 56 32
1343 43 57 35
1344 44 58 44
1345 45 59 25
1346 46 60 13
1347 47 61 54
1348 48 62 28
1349 49 63 72
1350 50 64 30
1351 51 65 54
1352 52 66 35
1353 53 67 77
1354 54 68 28
1355 55 69 64
1356 56 70 46
1357 57 71 37
1358 58 72 22
1359 59 73 9
1360 60 74 12
1361 61 75 73
1362 62 76 75
1363 63 77 6
1364 64 78 25
1365 65 79 24
1366 66 80 45
1367 67 81 1
1368 68 82 6
1369 69 83 31
1370 70 84 91
1371 71 85 74
1372 72 86 28
1373 73 87 30
1374 74 88 6
1375 75 89 31
1376 76 90 11
1377 77 91 77
1378 78 92 80
1379 79 93 52
1380 80 94 78
1381 81 95 30
1382 82 96 33
1383 83 97 80
1384 84 98 84
1385 85 99 82
1386 86 100 5
1387 87 1 12
1388 88 2 100
1389 89 3 34
1390 90 4 45
1391 91 5 8
1392 92 6 64
1393 93 7 23
1394 94 8 40
1395 95 9 31
1396 96 10 10
1397 97 11 75
1398 98 12 90
1399 99 13 26
1400 100 14 36
1401 1 16 75
1402 2 17 36
1403 3 18 37
1404 4 19 71
1405 5 20 22
1406 6 21 75
1407 7 22 62
1408 8 23 46
1409 9 24 63
1410 10 25 74
1411 11 26 6
1412 12 27 96
1413 13 28 22
1414 14 29 93
1415 15 30 10
1416 16 31 46
1417 17 32 18
1418 18 33 100
1419 19 34 29
1420 20 35 81
1421 21 36 7
1422 22 37 82
1423 23 38 30
1424 24 39 71
1425 25 40 46
1426 26 41 42
1427 27 42 4
1428 28 43 24
1429 29 44 66
1430 30 45 43
1431 31 46 56
1432 32 47 84
1433 33 48 82
1434 34 49 96
1435 35 50 67
1436 36 51 15
1437 37 52 2
1438 38 53 19
1439 39 54 16
1440 40 55 1
1441 41 56 46
1442 42 57 33
1443 43 58 4
1444 44 59 87
1445 45 60 68
1446 46 61 10
1447 47 62 9
1448 48 63 61
1449 49 64 58
1450 50 65 85
1451 51 66 4
1452 52 67 52
1453 53 68 84
1454 54 69 79
1455 55 70 66
1456 56 71 87
1457 57 72 55
1458 58 73 40
1459 59 74 37
1460 60 75 54
1461 61 76 54
1462 62 77 18
1463 63 78 66
1464 64 79 70
1465 65 80 92
1466 66 81 13
1467 67 82 58
1468 68 83 67
1469 69 84 55
1470 70 85 15
1471 71 86 21
1472 72 87 55
1473 73 88 51
1474 74 89 40
1475 75 90 82
1476 76 91 58
1477 77 92 1
1478 78 93 48
1479 79 94 73
1480 80 95 94
1481 81 96 73
1482 82 97 76
1483 83 98 9
1484 84 99 53
1485 85 100 2
1486 86 1 79
1487 87 2 82
1488 88 3 49
1489 89 4 21
1490 90 5 42
1491 91 6 93
1492 92 7 64
1493 93 8 77
1494 94 9 62
1495 95 10 77
1496 96 11 32
1497 97 12 38
1498 98 13 12
1499 99 14 27
1500 100 15 1
1501 1 17 3
1502 2 18 5
1503 3 19 73
1504 4 20 76
1505 5 21 65
1506 6 22 95
1507 7 23 32
1508 8 24 94
1509 9 25 64
1510 10 26 4
1511 11 27 37
1512 12 28 97
1513 13 29 60
1514 14 30 73
1515 15 31 4
1516 16 32 2
1517 17 33 12
1518 18 34 22
1519 19 35 72
1520 20 36 88
1521 21 37 13
1522 22 38 40
1523 23 39 26
1524 24 40 91
1525 25 41 19
1526 26 42 55
1527 27 43 41
1528 28 44 5
1529 29 45 47
1530 30 46 37
1531 31 47 77
1532 32 48 69
1533 33 49 24
1534 34 50 98
1535 35 51 71
1536 36 52 89
1537 37 53 100
1538 38 54 14
1539 39 55 33
1540 40 56 50
1541 41 57 9
1542 42 58 40
1543 43 59 75
1544 44 60 81
1545 45 61 9
1546 46 62 25
1547 47 63 32
1548 48 64 16
1549 49 65 74
1550 50 66 51
1551 51 67 72
1552 52 68 58
1553 53 69 22
1554 54 70 6
1555 55 71 6
1556 56 72 79
1557 57 73 70
1558 58 74 8
1559 59 75 14
1560 60 76 11
1561 61 77 43
1562 62 78 8
1563 63 79 30
1564 64 80 96
1565 65 81 66
1566 66 82 35
1567 67 83 52
1568 68 84 46
1569 69 85 100
1570 70 86 61
1571 71 87 50
1572 72 88 91
1573 73 89 69
1574 74 90 49
1575 75 91 25
1576 76 92 15
1577 77 93 42
1578 78 94 94
1579 79 95 63
1580 80 96 58
1581 81 97 29
1582 82 98 8
1583 83 99 88
1584 84 100 71
1585 85 1 40
1586 86 2 64
1587 87 3 58
1588 88 4 11
1589 89 5 36
1590 90 6 67
1591 91 7 88
1592 92 8 31
1593 93 9 11
1594 94 10 66
1595 95 11 60
1596 96 12 82
1597 97 13 55
1598 98 14 22
1599 99 15 57
1600 100 16 86
1601 1 18 34
1602 2 19 84
1603 3 20 67
1604 4 21 88
1605 5 22 23
1606 6 23 28
1607 7 24 32
1608 8 25 90
1609 9 26 75
1610 10 27 29
1611 11 28 79
1612 12 29 98
1613 13 30 59
1614 14 31 96
1615 15 32 59
1616 16 33 64
1617 17 34 51
1618 18 35 18
1619 19 36 26
1620 20 37 80
1621 21 38 68
1622 22 39 7
1623 23 40 26
1624 24 41 68
1625 25 42 62
1626 26 43 29
1627 27 44 64
1628 28 45 98
1629 29 46 69
1630 30 47 65
1631 31 48 23
1632 32 49 6
1633 33 50 37
1634 34 51 44
1635 35 52 56
1636 36 53 23
1637 37 54 92
1638 38 55 67
1639 39 56 12
1640 40 57 23
1641 41 58 14
1642 42 59 59
1643 43 60 85
1644 44 61 12
1645 45 62 63
1646 46 63 87
1647 47 64 96
1648 48 65 61
1649 49 66 36
1650 50 67 89
1651 51 68 42
1652 52 69 85
1653 53 70 91
1654 54 71 37
1655 55 72 61
1656 56 73 50
1657 57 74 4
1658 58 75 71
1659 59 76 90
1660 60 77 25
1661 61 78 24
1662 62 79 66
1663 63 80 69
1664 64 81 29
1665 65 82 65
1666 66 83 19
1667 67 84 73
1668 68 85 77
1669 69 86 74
1670 70 87 92
1671 71 88 12
1672 72 89 54
1673 73 90 69
1674 74 91 26
1675 75 92 41
1676 76 93 17
1677 77 94 10
1678 78 95 86
1679 79 96 80
1680 80 97 81
1681 81 98 34
1682 82 99 79
1683 83 100 89
1684 84 1 99
1685 85 2 79
1686 86 3 31
1687 87 4 61
1688 88 5 99
1689 89 6 6
1690 90 7 74
1691 91 8 6
1692 92 9 82
1693 93 10 14
1694 94 11 31
1695 95 12 6
1696 96 13 100
1697 97 14 43
1698 98 15 38
1699 99 16 61
1700 100 17 80
1701 1 19 15
1702 2 20 26
1703 3 21 90
1704 4 22 14
1705 5 23 36
1706 6 24 60
1707 7 25 90
1708 8 26 37
1709 9 27 22
1710 10 28 95
1711 11 29 27
1712 12 30 97
1713 13 31 82
1714 14 32 5
1715 15 33 5
1716 16 34 2
1717 17 35 82
1718 18 36 62
1719 19 37 98
1720 20 38 53
1721 21 39 63
1722 22 40 8
1723 23 41 99
1724 24 42 66
1725 25 43 49
1726 26 44 95
1727 27 45 21
1728 28 46 55
1729 29 47 86
1730 30 48 42
1731 31 49 53
1732 32 50 32
1733 33 51 6
1734 34 52 24
1735 35 53 100
1736 36 54 92
1737 37 55 9
1738 38 56 68
1739 39 57 98
1740 40 58 71
1741 41 59 62
1742 42 60 15
1743 43 61 25
1744 44 62 8
1745 45 63 42
1746 46 64 36
1747 47 65 80
1748 48 66 49
1749 49 67 64
1750 50 68 70
1751 51 69 48
1752 52 70 48
1753 53 71 35
1754 54 72 24
1755 55 73 11
1756 56 74 12
1757 57 75 80
1758 58 76 89
1759 59 77 67
1760 60 78 21
1761 61 79 39
1762 62 80 89
1763 63 81 97
1764 64 82 8
1765 65 83 48
1766 66 84 44
1767 67 85 35
1768 68 86 63
1769 69 87 78
1770 70 88 41
1771 71 89 47
1772 72 90 92
1773 73 91 70
1774 74 92 46
1775 75 93 29
1776 76 94 3
1777 77 95 40
1778 78 96 86
1779 79 97 55
1780 80 98 100
1781 81 99 96
1782 82 100 91
1783 83 1 87
1784 84 2 9
1785 85 3 75
1786 86 4 86
1787 87 5 68
1788 88 6 61
1789 89 7 40
1790 90 8 19
1791 91 9 72
1792 92 10 82
1793 93 11 40
1794 94 12 21
1795 95 13 65
1796 96 14 89
1797 97 15 52
1798 98 16 5
1799 99 17 59
1800 100 18 68
1801 1 20 26
1802 2 21 89
1803 3 22 10
1804 4 23 11
1805 5 24 67
1806 6 25 57
1807 7 26 1
1808 8 27 93
1809 9 28 64
1810 10 29 57
1811 11 30 30
1812 12 31 92
1813 13 32 30
1814 14 33 98
1815 15 34 98
1816 16 35 47
1817 17 36 30
1818 18 37 41
1819 19 38 87
1820 20 39 33
1821 21 40 68
1822 22 41 12
1823 23 42 60
1824 24 43 80
1825 25 44 91
1826 26 45 92
1827 27 46 45
1828 28 47 99
1829 29 48 10
1830 30 49 59
1831 31 50 4
1832 32 51 62
1833 33 52 34
1834 34 53 31
1835 35 54 11
1836 36 55 49
1837 37 56 84
1838 38 57 78
1839 39 58 67
1840 40 59 83
1841 41 60 92
1842 42 61 60
1843 43 62 52
1844 44 63 69
1845 45 64 30
1846 46 65 57
1847 47 66 98
1848 48 67 72
1849 49 68 76
1850 50 69 23
1851 51 70 32
1852 52 71 47
1853 53 72 52
1854 54 73 36
1855 55 74 98
1856 56 75 80
1857 57 76 19
1858 58 77 76
1859 59 78 12
1860 60 79 65
1861 61 80 22
1862 62 81 26
1863 63 82 41
1864 64 83 66
1865 65 84 73
1866 66 85 7
1867 67 86 58
1868 68 87 33
1869 69 88 29
1870 70 89 7
1871 71 90 28
1872 72 91 100
1873 73 92 70
1874 74 93 90
1875 75 94 27
1876 76 95 46
1877 77 96 37
1878 78 97 6
1879 79 98 7
1880 80 99 9
1881 81 100 17
1882 82 1 75
1883 83 2 90
1884 84 3 4
1885 85 4 25
1886 86 5 87
1887 87 6 20
1888 88 7 5
1889 89 8 17
1890 90 9 60
1891 91 10 32
1892 92 11 27
1893 93 12 5
1894 94 13 90
1895 95 14 40
1896 96 15 19
1897 97 16 11
1898 98 17 37
1899 99 18 82
1900 100 19 32
1901 1 21 91
1902 2 22 6
1903 3 23 88
1904 4 24 30
1905 5 25 1
1906 6 26 97
1907 7 27 73
1908 8 28 48
1909 9 29 70
1910 10 30 75
1911 11 31 17
1912 12 32 12
1913 13 33 86
1914 14 34 61
1915 15 35 3
1916 16 36 75
1917 17 37 93
1918 18 38 61
1919 19 39 28
1920 20 40 100
1921 21 41 68
1922 22 42 47
1923 23 43 19
1924 24 44 94
1925 25 45 14
1926 26 46 35
1927 27 47 79
1928 28 48 54
1929 29 49 44
1930 30 50 25
1931 31 51 1
1932 32 52 89
1933 33 53 1
1934 34 54 5
1935 35 55 82
1936 36 56 78
1937 37 57 86
1938 38 58 72
1939 39 59 35
1940 40 60 39
1941 41 61 93
1942 42 62 66
1943 43 63 55
1944 44 64 61
1945 45 65 10
1946 46 66 57
1947 47 67 29
1948 48 68 73
1949 49 69 14
1950 50 70 18
1951 51 71 31
1952 52 72 72
1953 53 73 52
1954 54 74 55
1955 55 75 74
1956 56 76 54
1957 57 77 22
1958 58 78 41
1959 59 79 67
1960 60 80 59
1961 61 81 65
1962 62 82 87
1963 63 83 49
1964 64 84 86
1965 65 85 35
1966 66 86 31
1967 67 87 56
1968 68 88 14
1969 69 89 16
1970 70 90 91
1971 71 91 9
1972 72 92 58
1973 73 93 82
1974 74 94 10
1975 75 95 51
1976 76 96 88
1977 77 97 78
1978 78 98 56
1979 79 99 49
1980 80 100 17
1981 81 1 20
1982 82 2 55
1983 83 3 5
1984 84 4 79
1985 85 5 78
1986 86 6 19
1987 87 7 21
1988 88 8 62
1989 89 9 8
1990 90 10 57
1991 91 11 56
1992 92 12 49
1993 93 13 93
1994 94 14 59
1995 95 15 51
1996 96 16 44
1997 97 17 50
1998 98 18 43
1999 99 19 52
2000 100 20 58
2001 1 22 15
2002 2 23 14
2003 3 24 74
2004 4 25 17
2005 5 26 90
2006 6 27 71
2007 7 28 71
2008 8 29 84
2009 9 30 5
2010 10 31 100
2011 11 32 95
2012 12 33 68
2013 13 34 22
2014 14 35 62
2015 15 36 30
2016 16 37 41
2017 17 38 49
2018 18 39 23
2019 19 40 67
2020 20 41 55
2021 21 42 100
2022 22 43 29
2023 23 44 93
2024 24 45 25
2025 25 46 41
2026 26 47 58
2027 27 48 46
2028 28 49 29
2029 29 50 45
2030 30 51 3
2031 31 52 87
2032 32 53 94
2033 33 54 99
2034 34 55 17
2035 35 56 36
2036 36 57 37
2037 37 58 17
2038 38 59 76
2039 39 60 52
2040 40 61 33
2041 41 62 3
2042 42 63 46
2043 43 64 19
2044 44 65 25
2045 45 66 40
2046 46 67 32
2047 47 68 89
2048 48 69 36
2049 49 70 61
2050 50 71 31
2051 51 72 42
2052 52 73 37
2053 53 74 66
2054 54 75 70
2055 55 76 72
2056 56 77 50
2057 57 78 51
2058 58 79 82
2059 59 80 68
2060 60 81 13
2061 61 82 64
2062 62 83 34
2063 63 84 77
2064 64 85 56
2065 65 86 81
2066 66 87 20
2067 67 88 45
2068 68 89 46
2069 69 90 5
2070 70 91 91
2071 71 92 34
2072 72 93 40
2073 73 94 44
2074 74 95 34
2075 75 96 60
2076 76 97 65
2077 77 98 42
2078 78 99 22
2079 79 100 35
2080 80 1 93
2081 81 2 74
2082 82 3 59
2083 83 4 92
2084 84 5 90
2085 85 6 91
2086 86 7 25
2087 87 8 11
2088 88 9 41
2089 89 10 94
2090 90 11 76
2091 91 12 95
2092 92 13 7
2093 93 14 95
2094 94 15 24
2095 95 16 46
2096 96 17 75
2097 97 18 100
2098 98 19 31
2099 99 20 46
2100 100 21 43
2101 1 23 8
2102 2 24 7
2103 3 25 92
2104 4 26 37
2105 5 27 97
2106 6 28 21
2107 7 29 43
2108 8 30 36
2109 9 31 41
2110 10 32 22
2111 11 33 56
2112 12 34 70
2113 13 35 41
2114 14 36 36
2115 15 37 86
2116 16 38 69
2117 17 39 34
2118 18 40 4
2119 19 41 43
2120 20 42 41
2121 21 43 67
2122 22 44 41
2123 23 45 33
2124 24 46 96
2125 25 47 43
2126 26 48 33
2127 27 49 13
2128 28 50 69
2129 29 51 57
2130 30 52 70
2131 31 53 99
2132 32 54 5
2133 33 55 61
2134 34 56 52
2135 35 57 72
2136 36 58 43
2137 37 59 25
2138 38 60 9
2139 39 61 48
2140 40 62 61
2141 41 63 92
2142 42 64 54
2143 43 65 48
2144 44 66 51
2145 45 67 13
2146 46 68 8
2147 47 69 12
2148 48 70 36
2149 49 71 67
2150 50 72 49
2151 51 73 28
2152 52 74 83
2153 53 75 32
2154 54 76 19
2155 55 77 32
2156 56 78 8
2157 57 79 83
2158 58 80 45
2159 59 81 11
2160 60 82 47
2161 61 83 15
2162 62 84 9
2163 63 85 84
2164 64 86 79
2165 65 87 41
2166 66 88 18
2167 67 89 24
2168 68 90 3
2169 69 91 16
2170 70 92 88
2171 71 93 39
2172 72 94 37
2173 73 95 63
2174 74 96 4
2175 75 97 3
2176 76 98 72
2177 77 99 30
2178 78 100 36
2179 79 1 9
2180 80 2 60
2181 81 3 75
2182 82 4 34
2183 83 5 69
2184 84 6 22
2185 85 7 8
2186 86 8 40
2187 87 9 5
2188 88 10 10
2189 89 11 76
2190 90 12 16
2191 91 13 100
2192 92 14 44
2193 93 15 30
2194 94 16 33
2195 95 17 36
2196 96 18 90
2197 97 19 2
2198 98 20 61
2199 99 21 33
2200 100 22 20
2201 1 24 59
2202 2 25 56
2203 3 26 68
2204 4 27 67
2205 5 28 35
2206 6 29 62
2207 7 30 21
2208 8 31 96
2209 9 32 33
2210 10 33 32
2211 11 34 39
2212 12 35 84
2213 13 36 85
2214 14 37 69
2215 15 38 36
2216 16 39 76
2217 17 40 79
2218 18 41 46
2219 19 42 75
2220 20 43 74
2221 21 44 53
2222 22 45 66
2223 23 46 16
2224 24 47 16
2225 25 48 22
2226 26 49 76
2227 27 50 9
2228 28 51 2
2229 29 52 46
2230 30 53 74
2231 31 54 87
2232 32 55 19
2233 33 56 97
2234 34 57 67
2235 35 58 39
2236 36 59 64
2237 37 60 99
2238 38 61 11
2239 39 62 37
2240 40 63 7
2241 41 64 21
2242 42 65 89
2243 43 66 16
2244 44 67 61
2245 45 68 69
2246 46 69 57
2247 47 70 35
2248 48 71 78
2249 49 72 89
2250 50 73 63
2251 51 74 96
2252 52 75 18
2253 53 76 30
2254 54 77 12
2255 55 78 27
2256 56 79 81
2257 57 80 72
2258 58 81 24
2259 59 82 41
2260 60 83 18
2261 61 84 53
2262 62 85 75
2263 63 86 78
2264 64 87 51
2265 65 88 74
2266 66 89 20
2267 67 90 75
2268 68 91 12
2269 69 92 55
2270 70 93 34
2271 71 94 56
2272 72 95 18
2273 73 96 55
2274 74 97 45
2275 75 98 5
2276 76 99 46
2277 77 100 79
2278 78 1 37
2279 79 2 43
2280 80 3 26
2281 81 4 43
2282 82 5 34
2283 83 6 30
2284 84 7 63
2285 85 8 63
2286 86 9 4
2287 87 10 9
2288 88 11 40
2289 89 12 55
2290 90 13 7
2291 91 14 61
2292 92 15 82
2293 93 16 78
2294 94 17 21
2295 95 18 33
2296 96 19 57
2297 97 20 59
2298 98 21 99
2299 99 22 89
2300 100 23 38
2301 1 25 19
2302 2 26 17
2303 3 27 86
2304 4 28 29
2305 5 29 57
2306 6 30 94
2307 7 31 94
2308 8 32 40
2309 9 33 12
2310 10 34 15
2311 11 35 40
2312 12 36 8
2313 13 37 77
2314 14 38 15
2315 15 39 66
2316 16 40 72
2317 17 41 25
2318 18 42 59
2319 19 43 1
2320 20 44 60
2321 21 45 7
2322 22 46 75
2323 23 47 49
2324 24 48 15
2325 25 49 89
2326 26 50 33
2327 27 51 17
2328 28 52 1
2329 29 53 82
2330 30 54 67
2331 31 55 45
2332 32 56 74
2333 33 57 16
2334 34 58 43
2335 35 59 39
2336 36 60 63
2337 37 61 45
2338 38 62 74
2339 39 63 23
2340 40 64 46
2341 41 65 8
2342 42 66 26
2343 43 67 42
2344 44 68 63
2345 45 69 17
2346 46 70 10
2347 47 71 80
2348 48 72 14
2349 49 73 27
2350 50 74 94
2351 51 75 52
2352 52 76 59
2353 53 77 61
2354 54 78 58
2355 55 79 68
2356 56 80 77
2357 57 81 34
2358 58 82 29
2359 59 83 35
2360 60 84 38
2361 61 85 6
2362 62 86 6
2363 63 87 59
2364 64 88 61
2365 65 89 49
2366 66 90 24
2367 67 91 94
2368 68 92 5
2369 69 93 30
2370 70 94 75
2371 71 95 83
2372 72 96 13
2373 73 97 85
2374 74 98 38
2375 75 99 100
2376 76 100 28
2377 77 1 21
2378 78 2 42
2379 79 3 64
2380 80 4 68
2381 81 5 29
2382 82 6 19
2383 83 7 10
2384 84 8 13
2385 85 9 8
2386 86 10 70
2387 87 11 8
2388 88 12 99
2389 89 13 70
2390 90 14 27
2391 91 15 85
2392 92 16 80
2393 93 17 80
2394 94 18 11
2395 95 19 35
2396 96 20 47
2397 97 21 99
2398 98 22 76
2399 99 23 37
2400 100 24 26
2401 1 26 21
2402 2 27 32
2403 3 28 55
2404 4 29 29
2405 5 30 41
2406 6 31 19
2407 7 32 72
2408 8 33 27
2409 9 34 40
2410 10 35 17
2411 11 36 97
2412 12 37 52
2413 13 38 4
2414 14 39 52
2415 15 40 95
2416 16 41 27
2417 17 42 36
2418 18 43 6
2419 19 44 7
2420 20 45 90
2421 21 46 32
2422 22 47 77
2423 23 48 11
2424 24 49 65
2425 25 50 90
2426 26 51 94
2427 27 52 28
2428 28 53 87
2429 29 54 61
2430 30 55 43
2431 31 56 22
2432 32 57 23
2433 33 58 85
2434 34 59 1
2435 35 60 71
2436 36 61 85
2437 37 62 83
2438 38 63 69
2439 39 64 48
2440 40 65 7
2441 41 66 87
2442 42 67 19
2443 43 68 80
2444 44 69 58
2445 45 70 31
2446 46 71 67
2447 47 72 63
2448 48 73 57
2449 49 74 61
2450 50 75 10
2451 51 76 22
2452 52 77 66
2453 53 78 36
2454 54 79 29
2455 55 80 23
2456 56 81 86
2457 57 82 79
2458 58 83 83
2459 59 84 83
2460 60 85 78
2461 61 86 71
2462 62 87 5
2463 63 88 38
2464 64 89 83
2465 65 90 18
2466 66 91 81
2467 67 92 51
2468 68 93 86
2469 69 94 31
2470 70 95 21
2471 71 96 93
2472 72 97 8
2473 73 98 36
2474 74 99 82
2475 75 100 34
2476 76 1 51
2477 77 2 38
2478 78 3 46
2479 79 4 69
2480 80 5 18
2481 81 6 28
2482 82 7 73
2483 83 8 69
2484 84 9 46
2485 85 10 7
2486 86 11 98
2487 87 12 67
2488 88 13 94
2489 89 14 84
2490 90 15 86
2491 91 16 28
2492 92 17 87
2493 93 18 45
2494 94 19 39
2495 95 20 45
2496 96 21 51
2497 97 22 13
2498 98 23 58
2499 99 24 31
2500 100 25 39
2501 1 27 18
2502 2 28 5
2503 3 29 3
2504 4 30 59
2505 5 31 26
2506 6 32 59
2507 7 33 28
2508 8 34 39
2509 9 35 30
2510 10 36 96
2511 11 37 78
2512 12 38 19
2513 13 39 40
2514 14 40 41
2515 15 41 75
2516 16 42 94
2517 17 43 47
2518 18 44 63
2519 19 45 28
2520 20 46 31
2521 21 47 39
2522 22 48 64
2523 23 49 15
2524 24 50 59
2525 25 51 44
2526 26 52 19
2527 27 53 74
2528 28 54 95
2529 29 55 88
2530 30 56 67
2531 31 57 39
2532 32 58 61
2533 33 59 19
2534 34 60 50
2535 35 61 45
2536 36 62 16
2537 37 63 82
2538 38 64 82
2539 39 65 25
2540 40 66 69
2541 41 67 89
2542 42 68 61
2543 43 69 22
2544 44 70 23
2545 45 71 34
2546 46 72 37
2547 47 73 62
2548 48 74 47
2549 49 75 7
2550 50 76 6
2551 51 77 58
2552 52 78 61
2553 53 79 6
2554 54 80 55
2555 55 81 44
2556 56 82 46
2557 57 83 75
2558 58 84 54
2559 59 85 59
2560 60 86 74
2561 61 87 26
2562 62 88 20
2563 63 89 50
2564 64 90 75
2565 65 91 55
2566 66 92 52
2567 67 93 29
2568 68 94 54
2569 69 95 34
2570 70 96 99
2571 71 97 36
2572 72 98 30
2573 73 99 14
2574 74 100 81
2575 75 1 33
2576 76 2 51
2577 77 3 69
2578 78 4 33
2579 79 5 100
2580 80 6 49
2581 81 7 12
2582 82 8 70
2583 83 9 13
2584 84 10 9
2585 85 11 9
2586 86 12 84
2587 87 13 38
2588 88 14 39
2589 89 15 86
2590 90 16 21
2591 91 17 34
2592 92 18 5
2593 93 19 32
2594 94 20 18
2595 95 21 65
2596 96 22 46
2597 97 23 92
2598 98 24 76
2599 99 25 57
2600 100 26 42
2601 1 28 1
2602 2 29 11
2603 3 30 92
2604 4 31 81
2605 5 32 38
2606 6 33 63
2607 7 34 51
2608 8 35 15
2609 9 36 69
2610 10 37 54
2611 11 38 14
2612 12 39 51
2613 13 40 68
2614 14 41 67
2615 15 42 53
2616 16 43 55
2617 17 44 62
2618 18 45 56
2619 19 46 7
2620 20 47 34
2621 21 48 74
2622 22 49 90
2623 23 50 72
2624 24 51 95
2625 25 52 48
2626 26 53 39
2627 27 54 100
2628 28 55 45
2629 29 56 72
2630 30 57 76
2631 31 58 42
2632 32 59 8
2633 33 60 63
2634 34 61 92
2635 35 62 14
2636 36 63 59
2637 37 64 51
2638 38 65 13
2639 39 66 15
2640 40 67 82
2641 41 68 18
2642 42 69 2
2643 43 70 16
2644 44 71 78
2645 45 72 90
2646 46 73 41
2647 47 74 73
2648 48 75 2
2649 49 76 48
2650 50 77 25
2651 51 78 77
2652 52 79 8
2653 53 80 78
2654 54 81 67
2655 55 82 17
2656 56 83 9
2657 57 84 69
2658 58 85 80
2659 59 86 27
2660 60 87 17
2661 61 88 87
2662 62 89 50
2663 63 90 100
2664 64 91 31
2665 65 92 33
2666 66 93 44
2667 67 94 38
2668 68 95 76
2669 69 96 44
2670 70 97 71
2671 71 98 71
2672 72 99 48
2673 73 100 29
2674 74 1 98
2675 75 2 2
2676 76 3 29
2677 77 4 7
2678 78 5 64
2679 79 6 7
2680 80 7 47
2681 81 8 4
2682 82 9 29
2683 83 10 97
2684 84 11 73
2685 85 12 82
2686 86 13 90
2687 87 14 81
2688 88 15 66
2689 89 16 91
2690 90 17 85
2691 91 18 38
2692 92 19 50
2693 93 20 67
2694 94 21 21
2695 95 22 79
2696 96 23 19
2697 97 24 46
2698 98 25 73
2699 99 26 92
2700 100 27 79
2701 1 29 94
2702 2 30 71
2703 3 31 97
2704 4 32 95
2705 5 33 77
2706 6 34 78
2707 7 35 23
2708 8 36 77
2709 9 37 89
2710 10 38 80
2711 11 39 89
2712 12 40 73
2713 13 41 67
2714 14 42 18
2715 15 43 70
2716 16 44 49
2717 17 45 83
2718 18 46 29
2719 19 47 43
2720 20 48 15
2721 21 49 67
2722 22 50 15
2723 23 51 40
2724 24 52 3
2725 25 53 26
2726 26 54 44
2727 27 55 66
2728 28 56 37
2729 29 57 2
2730 30 58 41
2731 31 59 84
2732 32 60 28
2733 33 61 51
2734 34 62 18
2735 35 63 46
2736 36 64 64
2737 37 65 62
2738 38 66 63
2739 39 67 17
2740 40 68 70
2741 41 69 23
2742 42 70 61
2743 43 71 24
2744 44 72 57
2745 45 73 34
2746 46 74 62
2747 47 75 50
2748 48 76 98
2749 49 77 56
2750 50 78 19
2751 51 79 93
2752 52 80 23
2753 53 81 48
2754 54 82 12
2755 55 83 98
2756 56 84 9
2757 57 85 51
2758 58 86 45
2759 59 87 18
2760 60 88 73
2761 61 89 98
2762 62 90 59
2763 63 91 45
2764 64 92 20
2765 65 93 45
2766 66 94 12
2767 67 95 69
2768 68 96 53
2769 69 97 17
2770 70 98 15
2771 71 99 6
2772 72 100 27
2773 73 1 2
2774 74 2 48
2775 75 3 19
2776 76 4 98
2777 77 5 65
2778 78 6 44
2779 79 7 43
2780 80 8 55
2781 81 9 85
2782 82 10 27
2783 83 11 49
2784 84 12 51
2785 85 13 10
2786 86 14 1
2787 87 15 64
2788 88 16 11
2789 89 17 47
2790 90 18 11
2791 91 19 31
2792 92 20 38
2793 93 21 53
2794 94 22 14
2795 95 23 97
2796 96 24 63
2797 97 25 20
2798 98 26 53
2799 99 27 24
2800 100 28 86
2801 1 30 33
2802 2 31 20
2803 3 32 35
2804 4 33 12
2805 5 34 68
2806 6 35 75
2807 7 36 24
2808 8 37 89
2809 9 38 42
2810 10 39 95
2811 11 40 78
2812 12 41 62
2813 13 42 3
2814 14 43 55
2815 15 44 36
2816 16 45 51
2817 17 46 94
2818 18 47 23
2819 19 48 6
2820 20 49 22
2821 21 50 89
2822 22 51 62
2823 23 52 97
2824 24 53 69
2825 25 54 51
2826 26 55 84
2827 27 56 6
2828 28 57 100
2829 29 58 59
2830 30 59 78
2831 31 60 69
2832 32 61 7
2833 33 62 62
2834 34 63 76
2835 35 64 32
2836 36 65 58
2837 37 66 4
2838 38 67 15
2839 39 68 81
2840 40 69 78
2841 41 70 51
2842 42 71 65
2843 43 72 35
2844 44 73 3
2845 45 74 49
2846 46 75 34
2847 47 76 50
2848 48 77 30
2849 49 78 67
2850 50 79 69
2851 51 80 16
2852 52 81 34
2853 53 82 37
2854 54 83 18
2855 55 84 20
2856 56 85 25
2857 57 86 72
2858 58 87 56
2859 59 88 97
2860 60 89 20
2861 61 90 62
2862 62 91 81
2863 63 92 70
2864 64 93 87
2865 65 94 21
2866 66 95 97
2867 67 96 48
2868 68 97 77
2869 69 98 74
2870 70 99 37
2871 71 100 11
2872 72 1 100
2873 73 2 31
2874 74 3 85
2875 75 4 82
2876 76 5 3
2877 77 6 79
2878 78 7 96
2879 79 8 54
2880 80 9 53
2881 81 10 57
2882 82 11 74
2883 83 12 34
2884 84 13 42
2885 85 14 60
2886 86 15 99
2887 87 16 32
2888 88 17 23
2889 89 18 89
2890 90 19 70
2891 91 20 81
2892 92 21 50
2893 93 22 69
2894 94 23 28
2895 95 24 57
2896 96 25 86
2897 97 26 85
2898 98 27 46
2899 99 28 85
2900 100 29 52
2901 1 31 87
2902 2 32 7
2903 3 33 34
2904 4 34 87
2905 5 35 87
2906 6 36 99
2907 7 37 39
2908 8 38 58
2909 9 39 89
2910 10 40 5
2911 11 41 18
2912 12 42 43
2913 13 43 89
2914 14 44 96
2915 15 45 23
2916 16 46 82
2917 17 47 68
2918 18 48 53
2919 19 49 40
2920 20 50 6
2921 21 51 37
2922 22 52 10
2923 23 53 88
2924 24 54 91
2925 25 55 37
2926 26 56 49
2927 27 57 98
2928 28 58 89
2929 29 59 58
2930 30 60 66
2931 31 61 33
2932 32 62 72
2933 33 63 94
2934 34 64 27
2935 35 65 74
2936 36 66 93
2937 37 67 86
2938 38 68 3
2939 39 69 77
2940 40 70 39
2941 41 71 56
2942 42 72 89
2943 43 73 76
2944 44 74 81
2945 45 75 14
2946 46 76 2
2947 47 77 100
2948 48 78 67
2949 49 79 92
2950 50 80 32
2951 51 81 21
2952 52 82 71
2953 53 83 45
2954 54 84 16
2955 55 85 68
2956 56 86 87
2957 57 87 97
2958 58 88 6
2959 59 89 35
2960 60 90 72
2961 61 91 73
2962 62 92 55
2963 63 93 1
2964 64 94 37
2965 65 95 27
2966 66 96 64
2967 67 97 91
2968 68 98 91
2969 69 99 20
2970 70 100 73
2971 71 1 25
2972 72 2 95
2973 73 3 3
2974 74 4 44
2975 75 5 69
2976 76 6 3
2977 77 7 44
2978 78 8 44
2979 79 9 1
2980 80 10 49
2981 81 11 97
2982 82 12 52
2983 83 13 51
2984 84 14 74
2985 85 15 72
2986 86 16 36
2987 87 17 90
2988 88 18 17
2989 89 19 57
2990 90 20 26
2991 91 21 6
2992 92 22 34
2993 93 23 57
2994 94 24 88
2995 95 25 17
2996 96 26 86
2997 97 27 27
2998 98 28 13
2999 99 29 16
3000 100 30 88
3001 1 32 45
3002 2 33 5
3003 3 34 96
3004 4 35 9
3005 5 36 95
3006 6 37 63
3007 7 38 9
3008 8 39 4
3009 9 40 56
3010 10 41 58
3011 11 42 46
3012 12 43 19
3013 13 44 65
3014 14 45 25
3015 15 46 14
3016 16 47 62
3017 17 48 2
3018 18 49 74
3019 19 50 10
3020 20 51 42
3021 21 52 41
3022 22 53 36
3023 23 54 61
3024 24 55 64
3025 25 56 98
3026 26 57 89
3027 27 58 28
3028 28 59 95
3029 29 60 81
3030 30 61 40
3031 31 62 82
3032 32 63 70
3033 33 64 78
3034 34 65 72
3035 35 66 87
3036 36 67 10
3037 37 68 74
3038 38 69 40
3039 39 70 7
3040 40 71 68
3041 41 72 16
3042 42 73 60
3043 43 74 78
3044 44 75 10
3045 45 76 91
3046 46 77 99
3047 47 78 94
3048 48 79 4
3049 49 80 83
3050 50 81 10
3051 51 82 72
3052 52 83 89
3053 53 84 82
3054 54 85 62
3055 55 86 10
3056 56 87 9
3057 57 88 48
3058 58 89 2
3059 59 90 40
3060 60 91 21
3061 61 92 89
3062 62 93 76
3063 63 94 25
3064 64 95 89
3065 65 96 62
3066 66 97 32
3067 67 98 53
3068 68 99 66
3069 69 100 98
3070 70 1 64
3071 71 2 81
3072 72 3 72
3073 73 4 27
3074 74 5 82
3075 75 6 59
3076 76 7 29
3077 77 8 11
3078 78 9 55
3079 79 10 46
3080 80 11 95
3081 81 12 24
3082 82 13 13
3083 83 14 4
3084 84 15 31
3085 85 16 91
3086 86 17 95
3087 87 18 74
3088 88 19 42
3089 89 20 84
3090 90 21 47
3091 91 22 71
3092 92 23 56
3093 93 24 27
3094 94 25 13
3095 95 26 85
3096 96 27 18
3097 97 28 37
3098 98 29 90
3099 99 30 33
3100 100 31 16
3101 1 33 67
3102 2 34 64
3103 3 35 49
3104 4 36 84
3105 5 37 10
3106 6 38 72
3107 7 39 3
3108 8 40 57
3109 9 41 74
3110 10 42 67
3111 11 43 59
3112 12 44 88
3113 13 45 96
3114 14 46 61
3115 15 47 21
3116 16 48 79
3117 17 49 57
3118 18 50 91
3119 19 51 72
3120 20 52 23
3121 21 53 13
3122 22 54 100
3123 23 55 30
3124 24 56 35
3125 25 57 16
3126 26 58 15
3127 27 59 38
3128 28 60 53
3129 29 61 40
3130 30 62 71
3131 31 63 82
3132 32 64 45
3133 33 65 91
3134 34 66 58
3135 35 67 36
3136 36 68 91
3137 37 69 87
3138 38 70 94
3139 39 71 11
3140 40 72 50
3141 41 73 7
3142 42 74 49
3143 43 75 65
3144 44 76 22
3145 45 77 95
3146 46 78 52
3147 47 79 92
3148 48 80 54
3149 49 81 15
3150 50 82 74
3151 51 83 30
3152 52 84 39
3153 53 85 4
3154 54 86 45
3155 55 87 45
3156 56 88 67
3157 57 89 55
3158 58 90 38
3159 59 91 63
3160 60 92 81
3161 61 93 30
3162 62 94 77
3163 63 95 49
3164 64 96 40
3165 65 97 28
3166 66 98 4
3167 67 99 66
3168 68 100 10
3169 69 1 41
3170 70 2 92
3171 71 3 71
3172 72 4 3
3173 73 5 82
3174 74 6 7
3175 75 7 24
3176 76 8 66
3177 77 9 18
3178 78 10 64
3179 79 11 5
3180 80 12 79
3181 81 13 77
3182 82 14 32
3183 83 15 42
3184 84 16 98
3185 85 17 83
3186 86 18 23
3187 87 19 96
3188 88 20 67
3189 89 21 57
3190 90 22 10
3191 91 23 41
3192 92 24 15
3193 93 25 100
3194 94 26 62
3195 95 27 98
3196 96 28 33
3197 97 29 14
3198 98 30 88
3199 99 31 35
3200 100 32 12
3201 1 34 80
3202 2 35 30
3203 3 36 90
3204 4 37 17
3205 5 38 84
3206 6 39 51
3207 7 40 72
3208 8 41 76
3209 9 42 16
3210 10 43 59
3211 11 44 4
3212 12 45 59
3213 13 46 31
3214 14 47 17
3215 15 48 37
3216 16 49 1
3217 17 50 77
3218 18 51 84
3219 19 52 50
3220 20 53 92
3221 21 54 9
3222 22 55 55
3223 23 56 60
3224 24 57 90
3225 25 58 32
3226 26 59 28
3227 27 60 13
3228 28 61 94
3229 29 62 59
3230 30 63 64
3231 31 64 42
3232 32 65 58
3233 33 66 77
3234 34 67 17
3235 35 68 30
3236 36 69 3
3237 37 70 40
3238 38 71 87
3239 39 72 44
3240 40 73 99
3241 41 74 73
3242 42 75 79
3243 43 76 81
3244 44 77 98
3245 45 78 50
3246 46 79 17
3247 47 80 83
3248 48 81 40
3249 49 82 71
3250 50 83 29
3251 51 84 97
3252 52 85 6
3253 53 86 79
3254 54 87 29
3255 55 88 8
3256 56 89 31
3257 57 90 44
3258 58 91 29
3259 59 92 65
3260 60 93 1
3261 61 94 89
3262 62 95 19
3263 63 96 89
3264 64 97 4
3265 65 98 31
3266 66 99 11
3267 67 100 69
3268 68 1 46
3269 69 2 54
3270 70 3 57
3271 71 4 49
3272 72 5 7
3273 73 6 34
3274 74 7 18
3275 75 8 83
3276 76 9 47
3277 77 10 77
3278 78 11 49
3279 79 12 16
3280 80 13 94
3281 81 14 79
3282 82 15 11
3283 83 16 7
3284 84 17 12
3285 85 18 79
3286 86 19 89
3287 87 20 9
3288 88 21 89
3289 89 22 7
3290 90 23 28
3291 91 24 80
3292 92 25 6
3293 93 26 39
3294 94 27 68
3295 95 28 46
3296 96 29 89
3297 97 30 38
3298 98 31 90
3299 99 32 76
3300 100 33 37
3301 1 35 15
3302 2 36 96
3303 3 37 64
3304 4 38 62
3305 5 39 70
3306 6 40 51
3307 7 41 47
3308 8 42 59
3309 9 43 73
3310 10 44 31
3311 11 45 43
3312 12 46 72
3313 13 47 8
3314 14 48 28
3315 15 49 9
3316 16 50 54
3317 17 51 34
3318 18 52 53
3319 19 53 58
3320 20 54 5
3321 21 55 94
3322 22 56 8
3323 23 57 100
3324 24 58 2
3325 25 59 90
3326 26 60 97
3327 27 61 22
3328 28 62 17
3329 29 63 19
3330 30 64 8
3331 31 65 3
3332 32 66 73
3333 33 67 81
3334 34 68 44
3335 35 69 66
3336 36 70 81
3337 37 71 49
3338 38 72 66
3339 39 73 93
3340 40 74 65
3341 41 75 72
3342 42 76 12
3343 43 77 74
3344 44 78 34
3345 45 79 30
3346 46 80 94
3347 47 81 15
3348 48 82 21
3349 49 83 43
3350 50 84 10
3351 51 85 53
3352 52 86 43
3353 53 87 100
3354 54 88 3
3355 55 89 58
3356 56 90 89
3357 57 91 1
3358 58 92 53
3359 59 93 29
3360 60 94 46
3361 61 95 57
3362 62 96 75
3363 63 97 90
3364 64 98 29
3365 65 99 31
3366 66 100 69
3367 67 1 6
3368 68 2 79
3369 69 3 100
3370 70 4 70
3371 71 5 93
3372 72 6 2
3373 73 7 88
3374 74 8 41
3375 75 9 87
3376 76 10 35
3377 77 11 41
3378 78 12 76
3379 79 13 24
3380 80 14 37
3381 81 15 86
3382 82 16 81
3383 83 17 28
3384 84 18 58
3385 85 19 85
3386 86 20 92
3387 87 21 1
3388 88 22 6
3389 89 23 8
3390 90 24 52
3391 91 25 46
3392 92 26 89
3393 93 27 100
3394 94 28 9
3395 95 29 96
3396 96 30 82
3397 97 31 78
3398 98 32 7
3399 99 33 3
3400 100 34 18
3401 1 36 77
3402 2 37 53
3403 3 38 43
3404 4 39 81
3405 5 40 17
3406 6 41 32
3407 7 42 99
3408 8 43 51
3409 9 44 2
3410 10 45 49
3411 11 46 58
3412 12 47 37
3413 13 48 24
3414 14 49 80
3415 15 50 88
3416 16 51 63
3417 17 52 38
3418 18 53 71
3419 19 54 3
3420 20 55 1
3421 21 56 60
3422 22 57 74
3423 23 58 27
3424 24 59 89
3425 25 60 21
3426 26 61 16
3427 27 62 34
3428 28 63 56
3429 29 64 24
3430 30 65 58
3431 31 66 12
3432 32 67 58
3433 33 68 3
3434 34 69 50
3435 35 70 23
3436 36 71 19
3437 37 72 25
3438 38 73 99
3439 39 74 30
3440 40 75 51
3441 41 76 1
3442 42 77 47
3443 43 78 19
3444 44 79 26
3445 45 80 24
3446 46 81 93
3447 47 82 73
3448 48 83 61
3449 49 84 73
3450 50 85 52
3451 51 86 87
3452 52 87 100
3453 53 88 15
3454 54 89 31
3455 55 90 90
3456 56 91 40
3457 57 92 87
3458 58 93 83
3459 59 94 36
3460 60 95 42
3461 61 96 8
3462 62 97 22
3463 63 98 94
3464 64 99 80
3465 65 100 19
3466 66 1 81
3467 67 2 96
3468 68 3 76
3469 69 4 98
3470 70 5 84
3471 71 6 99
3472 72 7 27
3473 73 8 20
3474 74 9 77
3475 75 10 36
3476 76 11 88
3477 77 12 98
3478 78 13 2
3479 79 14 26
3480 80 15 13
3481 81 16 1
3482 82 17 95
3483 83 18 92
3484 84 19 92
3485 85 20 79
3486 86 21 35
3487 87 22 92
3488 88 23 30
3489 89 24 30
3490 90 25 10
3491 91 26 22
3492 92 27 45
3493 93 28 51
3494 94 29 99
3495 95 30 9
3496 96 31 92
3497 97 32 3
3498 98 33 82
3499 99 34 19
3500 100 35 83
3501 1 37 28
3502 2 38 37
3503 3 39 68
3504 4 40 94
3505 5 41 69
3506 6 42 67
3507 7 43 53
3508 8 44 10
3509 9 45 43
3510 10 46 57
3511 11 47 97
3512 12 48 2
3513 13 49 27
3514 14 50 44
3515 15 51 51
3516 16 52 52
3517 17 53 68
3518 18 54 31
3519 19 55 61
3520 20 56 36
3521 21 57 39
3522 22 58 17
3523 23 59 64
3524 24 60 4
3525 25 61 15
3526 26 62 85
3527 27 63 89
3528 28 64 21
3529 29 65 90
3530 30 66 38
3531 31 67 96
3532 32 68 48
3533 33 69 85
3534 34 70 97
3535 35 71 31
3536 36 72 93
3537 37 73 87
3538 38 74 93
3539 39 75 69
3540 40 76 20
3541 41 77 26
3542 42 78 69
3543 43 79 32
3544 44 80 37
3545 45 81 17
3546 46 82 24
3547 47 83 80
3548 48 84 54
3549 49 85 77
3550 50 86 93
3551 51 87 60
3552 52 88 61
3553 53 89 68
3554 54 90 36
3555 55 91 54
3556 56 92 4
3557 57 93 46
3558 58 94 13
3559 59 95 70
3560 60 96 55
3561 61 97 76
3562 62 98 79
3563 63 99 87
3564 64 100 53
3565 65 1 55
3566 66 2 40
3567 67 3 85
3568 68 4 19
3569 69 5 75
3570 70 6 11
3571 71 7 2
3572 72 8 91
3573 73 9 63
3574 74 10 54
3575 75 11 20
3576 76 12 17
3577 77 13 34
3578 78 14 41
3579 79 15 46
3580 80 16 50
3581 81 17 42
3582 82 18 30
3583 83 19 55
3584 84 20 31
3585 85 21 32
3586 86 22 83
3587 87 23 67
3588 88 24 68
3589 89 25 32
3590 90 26 41
3591 91 27 23
3592 92 28 40
3593 93 29 54
3594 94 30 54
3595 95 31 3
3596 96 32 83
3597 97 33 97
3598 98 34 42
3599 99 35 98
3600 100 36 29
3601 1 38 28
3602 2 39 29
3603 3 40 90
3604 4 41 67
3605 5 42 14
3606 6 43 20
3607 7 44 49
3608 8 45 99
3609 9 46 98
3610 10 47 52
3611 11 48 7
3612 12 49 65
3613 13 50 15
3614 14 51 51
3615 15 52 16
3616 16 53 95
3617 17 54 72
3618 18 55 22
3619 19 56 4
3620 20 57 93
3621 21 58 35
3622 22 59 34
3623 23 60 21
3624 24 61 41
3625 25 62 79
3626 26 63 64
3627 27 64 46
3628 28 65 69
3629 29 66 52
3630 30 67 43
3631 31 68 10
3632 32 69 34
3633 33 70 34
3634 34 71 3
3635 35 72 58
3636 36 73 63
3637 37 74 84
3638 38 75 15
3639 39 76 46
3640 40 77 63
3641 41 78 30
3642 42 79 98
3643 43 80 37
3644 44 81 99
3645 45 82 25
3646 46 83 26
3647 47 84 48
3648 48 85 28
3649 49 86 26
3650 50 87 33
3651 51 88 17
3652 52 89 18
3653 53 90 69
3654 54 91 85
3655 55 92 76
3656 56 93 53
3657 57 94 31
3658 58 95 51
3659 59 96 98
3660 60 97 45
3661 61 98 3
3662 62 99 47
3663 63 100 92
3664 64 1 3
3665 65 2 45
3666 66 3 69
3667 67 4 18
3668 68 5 40
3669 69 6 56
3670 70 7 79
3671 71 8 73
3672 72 9 12
3673 73 10 73
3674 74 11 29
3675 75 12 65
3676 76 13 23
3677 77 14 11
3678 78 15 97
3679 79 16 95
3680 80 17 91
3681 81 18 93
3682 82 19 12
3683 83 20 74
3684 84 21 56
3685 85 22 22
3686 86 23 84
3687 87 24 36
3688 88 25 58
3689 89 26 87
3690 90 27 49
3691 91 28 32
3692 92 29 55
3693 93 30 14
3694 94 31 62
3695 95 32 57
3696 96 33 96
3697 97 34 42
3698 98 35 83
3699 99 36 66
3700 100 37 61
3701 1 39 23
3702 2 40 56
3703 3 41 96
3704 4 42 43
3705 5 43 3
3706 6 44 87
3707 7 45 39
3708 8 46 50
3709 9 47 57
3710 10 48 66
3711 11 49 1
3712 12 50 43
3713 13 51 97
3714 14 52 40
3715 15 53 35
3716 16 54 91
3717 17 55 24
3718 18 56 25
3719 19 57 17
3720 20 58 28
3721 21 59 18
3722 22 60 64
3723 23 61 40
3724 24 62 16
3725 25 63 89
3726 26 64 88
3727 27 65 86
3728 28 66 28
3729 29 67 96
3730 30 68 14
3731 31 69 85
3732 32 70 35
3733 33 71 60
3734 34 72 18
3735 35 73 84
3736 36 74 39
3737 37 75 21
3738 38 76 54
3739 39 77 95
3740 40 78 35
3741 41 79 28
3742 42 80 3
3743 43 81 49
3744 44 82 94
3745 45 83 31
3746 46 84 39
3747 47 85 43
3748 48 86 18
3749 49 87 25
3750 50 88 31
3751 51 89 6
3752 52 90 96
3753 53 91 56
3754 54 92 26
3755 55 93 33
3756 56 94 52
3757 57 95 17
3758 58 96 97
3759 59 97 60
3760 60 98 76
3761 61 99 79
3762 62 100 12
3763 63 1 49
3764 64 2 10
3765 65 3 15
3766 66 4 41
3767 67 5 9
3768 68 6 77
3769 69 7 90
3770 70 8 32
3771 71 9 84
3772 72 10 7
3773 73 11 63
3774 74 12 79
3775 75 13 57
3776 76 14 80
3777 77 15 74
3778 78 16 54
3779 79 17 27
3780 80 18 70
3781 81 19 45
3782 82 20 58
3783 83 21 29
3784 84 22 82
3785 85 23 98
3786 86 24 77
3787 87 25 9
3788 88 26 62
3789 89 27 25
3790 90 28 57
3791 91 29 34
3792 92 30 35
3793 93 31 88
3794 94 32 79
3795 95 33 12
3796 96 34 37
3797 97 35 84
3798 98 36 29
3799 99 37 79
3800 100 38 24
3801 1 40 2
3802 2 41 71
3803 3 42 52
3804 4 43 33
3805 5 44 82
3806 6 45 25
3807 7 46 47
3808 8 47 30
3809 9 48 38
3810 10 49 78
3811 11 50 39
3812 12 51 22
3813 13 52 50
3814 14 53 61
3815 15 54 76
3816 16 55 65
3817 17 56 31
3818 18 57 7
3819 19 58 50
3820 20 59 50
3821 21 60 89
3822 22 61 68
3823 23 62 99
3824 24 63 98
3825 25 64 46
3826 26 65 97
3827 27 66 51
3828 28 67 44
3829 29 68 8
3830 30 69 55
3831 31 70 37
3832 32 71 37
3833 33 72 78
3834 34 73 5
3835 35 74 89
3836 36 75 90
3837 37 76 81
3838 38 77 43
3839 39 78 44
3840 40 79 60
3841 41 80 96
3842 42 81 49
3843 43 82 15
3844 44 83 91
3845 45 84 90
3846 46 85 94
3847 47 86 44
3848 48 87 82
3849 49 88 71
3850 50 89 59
3851 51 90 97
3852 52 91 98
3853 53 92 62
3854 54 93 63
3855 55 94 78
3856 56 95 40
3857 57 96 73
3858 58 97 64
3859 59 98 30
3860 60 99 4
3861 61 100 38
3862 62 1 53
3863 63 2 100
3864 64 3 32
3865 65 4 97
3866 66 5 81
3867 67 6 44
3868 68 7 62
3869 69 8 37
3870 70 9 100
3871 71 10 7
3872 72 11 77
3873 73 12 83
3874 74 13 25
3875 75 14 11
3876 76 15 97
3877 77 16 20
3878 78 17 44
3879 79 18 100
3880 80 19 24
3881 81 20 99
3882 82 21 53
3883 83 22 38
3884 84 23 92
3885 85 24 75
3886 86 25 40
3887 87 26 36
3888 88 27 34
3889 89 28 86
3890 90 29 94
3891 91 30 64
3892 92 31 57
3893 93 32 70
3894 94 33 28
3895 95 34 53
3896 96 35 12
3897 97 36 3
3898 98 37 63
3899 99 38 85
3900 100 39 36
3901 1 41 37
3902 2 42 92
3903 3 43 70
3904 4 44 82
3905 5 45 59
3906 6 46 45
3907 7 47 71
3908 8 48 3
3909 9 49 77
3910 10 50 95
3911 11 51 14
3912 12 52 76
3913 13 53 86
3914 14 54 61
3915 15 55 85
3916 16 56 92
3917 17 57 5
3918 18 58 65
3919 19 59 5
3920 20 60 8
3921 21 61 60
3922 22 62 17
3923 23 63 91
3924 24 64 54
3925 25 65 13
3926 26 66 13
3927 27 67 13
3928 28 68 74
3929 29 69 32
3930 30 70 63
3931 31 71 63
3932 32 72 81
3933 33 73 78
3934 34 74 83
3935 35 75 99
3936 36 76 30
3937 37 77 17
3938 38 78 28
3939 39 79 22
3940 40 80 81
3941 41 81 72
3942 42 82 99
3943 43 83 56
3944 44 84 14
3945 45 85 68
3946 46 86 71
3947 47 87 65
3948 48 88 67
3949 49 89 2
3950 50 90 32
3951 51 91 89
3952 52 92 77
3953 53 93 99
3954 54 94 80
3955 55 95 65
3956 56 96 52
3957 57 97 86
3958 58 98 75
3959 59 99 75
3960 60 100 5
3961 61 1 85
3962 62 2 77
3963 63 3 20
3964 64 4 32
3965 65 5 3
3966 66 6 37
3967 67 7 32
3968 68 8 34
3969 69 9 40
3970 70 10 44
3971 71 11 81
3972 72 12 8
3973 73 13 65
3974 74 14 72
3975 75 15 3
3976 76 16 1
3977 77 17 41
3978 78 18 51
3979 79 19 32
3980 80 20 24
3981 81 21 36
3982 82 22 39
3983 83 23 92
3984 84 24 86
3985 85 25 36
3986 86 26 75
3987 87 27 95
3988 88 28 83
3989 89 29 53
3990 90 30 81
3991 91 31 30
3992 92 32 14
3993 93 33 21
3994 94 34 49
3995 95 35 82
3996 96 36 70
3997 97 37 32
3998 98 38 46
3999 99 39 75
4000 100 40 97
4001 1 42 76
4002 2 43 80
4003 3 44 52
4004 4 45 4
4005 5 46 92
4006 6 47 62
4007 7 48 67
4008 8 49 93
4009 9 50 98
4010 10 51 89
4011 11 52 20
4012 12 53 48
4013 13 54 14
4014 14 55 45
4015 15 56 21
4016 16 57 98
4017 17 58 66
4018 18 59 77
4019 19 60 45
4020 20 61 18
4021 21 62 23
4022 22 63 29
4023 23 64 9
4024 24 65 36
4025 25 66 97
4026 26 67 3
4027 27 68 94
4028 28 69 14
4029 29 70 1
4030 30 71 7
4031 31 72 4
4032 32 73 16
4033 33 74 97
4034 34 75 36
4035 35 76 87
4036 36 77 92
4037 37 78 70
4038 38 79 86
4039 39 80 96
4040 40 81 71
4041 41 82 22
4042 42 83 49
4043 43 84 18
4044 44 85 63
4045 45 86 61
4046 46 87 77
4047 47 88 89
4048 48 89 38
4049 49 90 41
4050 50 91 16
4051 51 92 62
4052 52 93 37
4053 53 94 15
4054 54 95 50
4055 55 96 45
4056 56 97 64
4057 57 98 59
4058 58 99 51
4059 59 100 24
4060 60 1 57
4061 61 2 51
4062 62 3 78
4063 63 4 1
4064 64 5 75
4065 65 6 8
4066 66 7 28
4067 67 8 97
4068 68 9 41
4069 69 10 54
4070 70 11 54
4071 71 12 42
4072 72 13 71
4073 73 14 62
4074 74 15 83
4075 75 16 70
4076 76 17 96
4077 77 18 40
4078 78 19 61
4079 79 20 12
4080 80 21 53
4081 81 22 81
4082 82 23 63
4083 83 24 16
4084 84 25 93
4085 85 26 29
4086 86 27 72
4087 87 28 74
4088 88 29 45
4089 89 30 21
4090 90 31 50
4091 91 32 24
4092 92 33 34
4093 93 34 73
4094 94 35 16
4095 95 36 49
4096 96 37 49
4097 97 38 40
4098 98 39 88
4099 99 40 76
4100 100 41 22
4101 1 43 52
4102 2 44 47
4103 3 45 60
4104 4 46 20
4105 5 47 92
4106 6 48 24
4107 7 49 3
4108 8 50 88
4109 9 51 31
4110 10 52 88
4111 11 53 74
4112 12 54 80
4113 13 55 31
4114 14 56 10
4115 15 57 25
4116 16 58 14
4117 17 59 41
4118 18 60 90
4119 19 61 72
4120 20 62 20
4121 21 63 91
4122 22 64 70
4123 23 65 65
4124 24 66 54
4125 25 67 31
4126 26 68 82
4127 27 69 99
4128 28 70 39
4129 29 71 86
4130 30 72 32
4131 31 73 38
4132 32 74 84
4133 33 75 45
4134 34 76 10
4135 35 77 39
4136 36 78 39
4137 37 79 18
4138 38 80 50
4139 39 81 34
4140 40 82 50
4141 41 83 23
4142 42 84 82
4143 43 85 63
4144 44 86 82
4145 45 87 62
4146 46 88 62
4147 47 89 34
4148 48 90 67
4149 49 91 40
4150 50 92 34
4151 51 93 11
4152 52 94 85
4153 53 95 100
4154 54 96 68
4155 55 97 72
4156 56 98 65
4157 57 99 74
4158 58 100 62
4159 59 1 8
4160 60 2 68
4161 61 3 65
4162 62 4 24
4163 63 5 52
4164 64 6 83
4165 65 7 60
4166 66 8 85
4167 67 9 43
4168 68 10 99
4169 69 11 4
4170 70 12 58
4171 71 13 100
4172 72 14 67
4173 73 15 82
4174 74 16 31
4175 75 17 3
4176 76 18 76
4177 77 19 11
4178 78 20 73
4179 79 21 3
4180 80 22 61
4181 81 23 25
4182 82 24 95
4183 83 25 38
4184 84 26 95
4185 85 27 44
4186 86 28 85
4187 87 29 93
4188 88 30 22
4189 89 31 57
4190 90 32 14
4191 91 33 36
4192 92 34 85
4193 93 35 25
4194 94 36 40
4195 95 37 6
4196 96 38 78
4197 97 39 69
4198 98 40 82
4199 99 41 68
4200 100 42 37
4201 1 44 8
4202 2 45 29
4203 3 46 19
4204 4 47 67
4205 5 48 23
4206 6 49 59
4207 7 50 53
4208 8 51 42
4209 9 52 4
4210 10 53 80
4211 11 54 12
4212 12 55 11
4213 13 56 41
4214 14 57 65
4215 15 58 71
4216 16 59 95
4217 17 60 15
4218 18 61 35
4219 19 62 24
4220 20 63 90
4221 21 64 12
4222 22 65 56
4223 23 66 11
4224 24 67 25
4225 25 68 10
4226 26 69 45
4227 27 70 71
4228 28 71 42
4229 29 72 57
4230 30 73 43
4231 31 74 14
4232 32 75 9
4233 33 76 52
4234 34 77 89
4235 35 78 68
4236 36 79 49
4237 37 80 67
4238 38 81 50
4239 39 82 78
4240 40 83 43
4241 41 84 35
4242 42 85 3
4243 43 86 60
4244 44 87 74
4245 45 88 75
4246 46 89 37
4247 47 90 92
4248 48 91 52
4249 49 92 66
4250 50 93 60
4251 51 94 17
4252 52 95 40
4253 53 96 56
4254 54 97 78
4255 55 98 64
4256 56 99 53
4257 57 100 93
4258 58 1 81
4259 59 2 45
4260 60 3 82
4261 61 4 83
4262 62 5 74
4263 63 6 52
4264 64 7 94
4265 65 8 88
4266 66 9 16
4267 67 10 74
4268 68 11 21
4269 69 12 84
4270 70 13 24
4271 71 14 46
4272 72 15 72
4273 73 16 56
4274 74 17 43
4275 75 18 73
4276 76 19 14
4277 77 20 63
4278 78 21 65
4279 79 22 25
4280 80 23 27
4281 81 24 7
4282 82 25 39
4283 83 26 76
4284 84 27 49
4285 85 28 12
4286 86 29 63
4287 87 30 32
4288 88 31 88
4289 89 32 73
4290 90 33 73
4291 91 34 6
4292 92 35 82
4293 93 36 87
4294 94 37 82
4295 95 38 88
4296 96 39 33
4297 97 40 90
4298 98 41 1
4299 99 42 87
4300 100 43 32
4301 1 45 21
4302 2 46 2
4303 3 47 93
4304 4 48 44
4305 5 49 45
4306 6 50 18
4307 7 51 85
4308 8 52 2
4309 9 53 49
4310 10 54 6
4311 11 55 60
4312 12 56 35
4313 13 57 17
4314 14 58 75
4315 15 59 60
4316 16 60 36
4317 17 61 80
4318 18 62 30
4319 19 63 20
4320 20 64 76
4321 21 65 10
4322 22 66 98
4323 23 67 55
4324 24 68 4
4325 25 69 22
4326 26 70 39
4327 27 71 100
4328 28 72 17
4329 29 73 100
4330 30 74 20
4331 31 75 5
4332 32 76 70
4333 33 77 2
4334 34 78 98
4335 35 79 90
4336 36 80 64
4337 37 81 12
4338 38 82 26
4339 39 83 93
4340 40 84 82
4341 41 85 90
4342 42 86 80
4343 43 87 28
4344 44 88 53
4345 45 89 61
4346 46 90 18
4347 47 91 78
4348 48 92 94
4349 49 93 77
4350 50 94 29
4351 51 95 34
4352 52 96 46
4353 53 97 61
4354 54 98 79
4355 55 99 44
4356 56 100 42
4357 57 1 15
4358 58 2 80
4359 59 3 33
4360 60 4 35
4361 61 5 17
4362 62 6 96
4363 63 7 17
4364 64 8 66
4365 65 9 64
4366 66 10 29
4367 67 11 51
4368 68 12 27
4369 69 13 29
4370 70 14 49
4371 71 15 77
4372 72 16 7
4373 73 17 89
4374 74 18 76
4375 75 19 24
4376 76 20 77
4377 77 21 41
4378 78 22 31
4379 79 23 30
4380 80 24 23
4381 81 25 93
4382 82 26 75
4383 83 27 86
4384 84 28 92
4385 85 29 77
4386 86 30 55
4387 87 31 81
4388 88 32 4
4389 89 33 74
4390 90 34 11
4391 91 35 2
4392 92 36 30
4393 93 37 2
4394 94 38 35
4395 95 39 31
4396 96 40 89
4397 97 41 54
4398 98 42 12
4399 99 43 18
4400 100 44 54
4401 1 46 90
4402 2 47 53
4403 3 48 100
4404 4 49 37
4405 5 50 58
4406 6 51 12
4407 7 52 17
4408 8 53 62
4409 9 54 48
4410 10 55 62
4411 11 56 64
4412 12 57 62
4413 13 58 99
4414 14 59 16
4415 15 60 58
4416 16 61 30
4417 17 62 2
4418 18 63 16
4419 19 64 57
4420 20 65 3
4421 21 66 19
4422 22 67 99
4423 23 68 29
4424 24 69 35
4425 25 70 14
4426 26 71 92
4427 27 72 71
4428 28 73 51
4429 29 74 32
4430 30 75 93
4431 31 76 76
4432 32 77 57
4433 33 78 57
4434 34 79 49
4435 35 80 52
4436 36 81 71
4437 37 82 22
4438 38 83 38
4439 39 84 11
4440 40 85 21
4441 41 86 71
4442 42 87 7
4443 43 88 84
4444 44 89 60
4445 45 90 76
4446 46 91 100
4447 47 92 100
4448 48 93 99
4449 49 94 45
4450 50 95 65
4451 51 96 53
4452 52 97 59
4453 53 98 79
4454 54 99 12
4455 55 100 36
4456 56 1 9
4457 57 2 69
4458 58 3 3
4459 59 4 20
4460 60 5 35
4461 61 6 35
4462 62 7 18
4463 63 8 77
4464 64 9 35
4465 65 10 86
4466 66 11 64
4467 67 12 3
4468 68 13 50
4469 69 14 16
4470 70 15 72
4471 71 16 46
4472 72 17 57
4473 73 18 89
4474 74 19 10
4475 75 20 13
4476 76 21 72
4477 77 22 18
4478 78 23 71
4479 79 24 33
4480 80 25 96
4481 81 26 5
4482 82 27 53
4483 83 28 1
4484 84 29 67
4485 85 30 29
4486 86 31 83
4487 87 32 81
4488 88 33 33
4489 89 34 47
4490 90 35 24
4491 91 36 75
4492 92 37 1
4493 93 38 10
4494 94 39 34
4495 95 40 8
4496 96 41 48
4497 97 42 55
4498 98 43 80
4499 99 44 78
4500 100 45 90
4501 1 47 88
4502 2 48 32
4503 3 49 33
4504 4 50 31
4505 5 51 82
4506 6 52 99
4507 7 53 28
4508 8 54 27
4509 9 55 96
4510 10 56 78
4511 11 57 82
4512 12 58 41
4513 13 59 14
4514 14 60 86
4515 15 61 85
4516 16 62 95
4517 17 63 58
4518 18 64 78
4519 19 65 58
4520 20 66 79
4521 21 67 89
4522 22 68 87
4523 23 69 93
4524 24 70 14
4525 25 71 53
4526 26 72 84
4527 27 73 31
4528 28 74 46
4529 29 75 46
4530 30 76 20
4531 31 77 93
4532 32 78 78
4533 33 79 31
4534 34 80 29
4535 35 81 54
4536 36 82 26
4537 37 83 86
4538 38 84 18
4539 39 85 25
4540 40 86 28
4541 41 87 91
4542 42 88 59
4543 43 89 36
4544 44 90 45
4545 45 91 96
4546 46 92 47
4547 47 93 13
4548 48 94 53
4549 49 95 60
4550 50 96 26
4551 51 97 67
4552 52 98 78
4553 53 99 66
4554 54 100 44
4555 55 1 44
4556 56 2 82
4557 57 3 69
4558 58 4 78
4559 59 5 4
4560 60 6 66
4561 61 7 94
4562 62 8 28
4563 63 9 75
4564 64 10 10
4565 65 11 48
4566 66 12 46
4567 67 13 55
4568 68 14 19
4569 69 15 70
4570 70 16 23
4571 71 17 88
4572 72 18 52
4573 73 19 65
4574 74 20 95
4575 75 21 30
4576 76 22 76
4577 77 23 72
4578 78 24 68
4579 79 25 9
4580 80 26 23
4581 81 27 14
4582 82 28 59
4583 83 29 10
4584 84 30 83
4585 85 31 75
4586 86 32 28
4587 87 33 20
4588 88 34 52
4589 89 35 73
4590 90 36 59
4591 91 37 28
4592 92 38 43
4593 93 39 68
4594 94 40 28
4595 95 41 46
4596 96 42 91
4597 97 43 87
4598 98 44 97
4599 99 45 25
4600 100 46 74
4601 1 48 93
4602 2 49 91
4603 3 50 85
4604 4 51 83
4605 5 52 24
4606 6 53 58
4607 7 54 94
4608 8 55 27
4609 9 56 53
4610 10 57 33
4611 11 58 84
4612 12 59 61
4613 13 60 73
4614 14 61 6
4615 15 62 57
4616 16 63 5
4617 17 64 38
4618 18 65 21
4619 19 66 35
4620 20 67 45
4621 21 68 93
4622 22 69 35
4623 23 70 35
4624 24 71 27
4625 25 72 62
4626 26 73 92
4627 27 74 76
4628 28 75 97
4629 29 76 8
4630 30 77 57
4631 31 78 20
4632 32 79 14
4633 33 80 80
4634 34 81 44
4635 35 82 3
4636 36 83 80
4637 37 84 84
4638 38 85 25
4639 39 86 66
4640 40 87 50
4641 41 88 52
4642 42 89 6
4643 43 90 35
4644 44 91 100
4645 45 92 3
4646 46 93 61
4647 47 94 18
4648 48 95 45
4649 49 96 46
4650 50 97 20
4651 51 98 87
4652 52 99 56
4653 53 100 1
4654 54 1 78
4655 55 2 32
4656 56 3 98
4657 57 4 67
4658 58 5 44
4659 59 6 90
4660 60 7 47
4661 61 8 84
4662 62 9 74
4663 63 10 99
4664 64 11 87
4665 65 12 81
4666 66 13 87
4667 67 14 88
4668 68 15 7
4669 69 16 7
4670 70 17 66
4671 71 18 16
4672 72 19 48
4673 73 20 36
4674 74 21 99
4675 75 22 82
4676 76 23 43
4677 77 24 47
4678 78 25 18
4679 79 26 67
4680 80 27 62
4681 81 28 12
4682 82 29 6
4683 83 30 29
4684 84 31 54
4685 85 32 50
4686 86 33 96
4687 87 34 25
4688 88 35 93
4689 89 36 32
4690 90 37 88
4691 91 38 32
4692 92 39 98
4693 93 40 30
4694 94 41 88
4695 95 42 92
4696 96 43 30
4697 97 44 42
4698 98 45 41
4699 99 46 98
4700 100 47 5
4701 1 49 67
4702 2 50 55
4703 3 51 89
4704 4 52 22
4705 5 53 5
4706 6 54 77
4707 7 55 29
4708 8 56 3
4709 9 57 61
4710 10 58 35
4711 11 59 20
4712 12 60 73
4713 13 61 46
4714 14 62 73
4715 15 63 65
4716 16 64 82
4717 17 65 35
4718 18 66 25
4719 19 67 92
4720 20 68 4
4721 21 69 39
4722 22 70 13
4723 23 71 66
4724 24 72 49
4725 25 73 75
4726 26 74 75
4727 27 75 97
4728 28 76 71
4729 29 77 3
4730 30 78 76
4731 31 79 50
4732 32 80 22
4733 33 81 48
4734 34 82 94
4735 35 83 96
4736 36 84 59
4737 37 85 19
4738 38 86 82
4739 39 87 100
4740 40 88 100
4741 41 89 46
4742 42 90 38
4743 43 91 63
4744 44 92 17
4745 45 93 87
4746 46 94 67
4747 47 95 19
4748 48 96 25
4749 49 97 97
4750 50 98 37
4751 51 99 46
4752 52 100 46
4753 53 1 27
4754 54 2 17
4755 55 3 43
4756 56 4 41
4757 57 5 22
4758 58 6 43
4759 59 7 83
4760 60 8 29
4761 61 9 66
4762 62 10 46
4763 63 11 79
4764 64 12 41
4765 65 13 12
4766 66 14 89
4767 67 15 55
4768 68 16 4
4769 69 17 67
4770 70 18 43
4771 71 19 70
4772 72 20 93
4773 73 21 13
4774 74 22 17
4775 75 23 47
4776 76 24 28
4777 77 25 99
4778 78 26 15
4779 79 27 71
4780 80 28 7
4781 81 29 19
4782 82 30 100
4783 83 31 71
4784 84 32 64
4785 85 33 32
4786 86 34 89
4787 87 35 1
4788 88 36 54
4789 89 37 23
4790 90 38 1
4791 91 39 22
4792 92 40 13
4793 93 41 29
4794 94 42 18
4795 95 43 39
4796 96 44 27
4797 97 45 1
4798 98 46 75
4799 99 47 80
4800 100 48 61
4801 1 50 64
4802 2 51 69
4803 3 52 72
4804 4 53 83
4805 5 54 50
4806 6 55 30
4807 7 56 95
4808 8 57 55
4809 9 58 78
4810 10 59 24
4811 11 60 52
4812 12 61 59
4813 13 62 33
4814 14 63 50
4815 15 64 55
4816 16 65 53
4817 17 66 51
4818 18 67 94
4819 19 68 62
4820 20 69 75
4821 21 70 74
4822 22 71 83
4823 23 72 90
4824 24 73 91
4825 25 74 15
4826 26 75 7
4827 27 76 4
4828 28 77 16
4829 29 78 34
4830 30 79 84
4831 31 80 28
4832 32 81 57
4833 33 82 22
4834 34 83 18
4835 35 84 22
4836 36 85 77
4837 37 86 93
4838 38 87 96
4839 39 88 36
4840 40 89 48
4841 41 90 13
4842 42 91 88
4843 43 92 44
4844 44 93 86
4845 45 94 79
4846 46 95 56
4847 47 96 86
4848 48 97 70
4849 49 98 43
4850 50 99 82
4851 51 100 71
4852 52 1 100
4853 53 2 48
4854 54 3 98
4855 55 4 62
4856 56 5 86
4857 57 6 13
4858 58 7 47
4859 59 8 35
4860 60 9 47
4861 61 10 76
4862 62 11 51
4863 63 12 59
4864 64 13 8
4865 65 14 14
4866 66 15 64
4867 67 16 56
4868 68 17 60
4869 69 18 55
4870 70 19 3
4871 71 20 30
4872 72 21 75
4873 73 22 20
4874 74 23 78
4875 75 24 53
4876 76 25 3
4877 77 26 78
4878 78 27 80
4879 79 28 91
4880 80 29 26
4881 81 30 28
4882 82 31 19
4883 83 32 56
4884 84 33 30
4885 85 34 64
4886 86 35 47
4887 87 36 24
4888 88 37 78
4889 89 38 2
4890 90 39 21
4891 91 40 80
4892 92 41 72
4893 93 42 34
4894 94 43 10
4895 95 44 65
4896 96 45 24
4897 97 46 39
4898 98 47 97
4899 99 48 98
4900 100 49 52
4901 1 51 91
4902 2 52 71
4903 3 53 13
4904 4 54 95
4905 5 55 45
4906 6 56 18
4907 7 57 36
4908 8 58 95
4909 9 59 93
4910 10 60 23
4911 11 61 99
4912 12 62 26
4913 13 63 87
4914 14 64 52
4915 15 65 100
4916 16 66 9
4917 17 67 50
4918 18 68 32
4919 19 69 22
4920 20 70 40
4921 21 71 58
4922 22 72 57
4923 23 73 39
4924 24 74 48
4925 25 75 28
4926 26 76 24
4927 27 77 78
4928 28 78 34
4929 29 79 61
4930 30 80 87
4931 31 81 24
4932 32 82 16
4933 33 83 74
4934 34 84 52
4935 35 85 52
4936 36 86 93
4937 37 87 94
4938 38 88 80
4939 39 89 36
4940 40 90 57
4941 41 91 100
4942 42 92 50
4943 43 93 10
4944 44 94 98
4945 45 95 63
4946 46 96 8
4947 47 97 41
4948 48 98 20
4949 49 99 15
4950 50 100 23
