17.970014988
35.760479544
53.193637206
70.095301614
86.296596948
101.635645212
115.959183696
129.124096362
140.998843728
151.464777264
160.417324818
167.76703548
173.440473372
177.3809514
179.549097588
179.92324854
178.49966589
175.292573562
170.334015786
163.673536824
155.377685988
145.529352684
134.226938196
121.583372508
107.724985938
92.790246924
76.928378436
60.297867036
43.064879256
25.401601458
7.484519232
-10.507345812
-28.394224938
-45.99739836
-63.140980986
-79.653679794
-95.370505362
-110.134420362
-123.797908656
-136.224449154
-147.289879998
-156.883639032
-164.909868606
-171.288373302
-175.955421186
-178.864380648
-179.986186368
-179.309629584
-176.841470268
-172.606369446
-166.646642814
-159.021838026
-149.808139596
-139.097607768
-126.997258608
-113.627994822
-99.123397668
-83.628392292
-67.297799664
-50.294789676
-32.789250774
-14.956092504
3.02650209
20.978856882
38.721597858
56.07744543
72.872985708
88.940403198
104.119157592
118.257587766
131.214427218
142.860215484
153.078591708
161.767457244
168.839995824
174.22554096
177.870282102
179.737802172
179.809441524
178.084484388
174.580165944
169.331500206
162.390930084
153.827803458
143.727680268
132.191477622
119.334461418
105.285094722
90.18375417
74.181327336
57.437705214
40.120184538
22.40179623
4.45957659
-13.52720169
-31.378820616
-48.916912752
-65.966243274
-82.356460884
-97.923799962
-112.512716802
-125.977443768
-138.183445764
-149.008764438
-158.3452368
-166.099575888
-172.194302934
-176.568521418
-179.178525594
-179.998237188
-179.019465876
-176.251991256
-171.723464982
-165.479134626
-157.581391446
-148.1091471
-137.157045102
-124.834515264
-111.264680196
-96.58312524
-80.93654361
-64.481270796
-47.381722452
-29.808751572
-11.937941532
6.052148496
23.981767452
41.671768518
58.945399038
75.630066624
91.559063592
106.573232646
120.522557196
133.2676602
144.681196788
154.649126682
163.071853614
169.865220492
174.961350252
178.309324026
179.875689966
179.644797486
177.618953574
173.81839977
168.28110999
161.062410978
152.234429598
141.885372132
130.11864291
117.051811236
102.815436546
87.551764002
71.413303158
54.561304206
37.164146742
19.395657414
1.433373084
-16.543233036
-34.354544652
-51.822597006
-68.772855096
-85.035957552
-100.449408834
-114.859202814
-128.121361632
-140.10337413
-150.68552004
-159.762066048
-167.242322286
-173.051548542
-177.131700918
-179.44201188
-179.959397598
-178.67868849
-175.61268099
-170.792009622
-164.264840964
-156.09639231
-146.368280106
-135.177704424
-122.636477808
-108.869908032
-94.015546128
-78.221811978
-61.64651133
-44.455259106
-26.819824644
-8.916415362
9.076083804
26.977897746
44.61015744
61.796687184
78.365764872
94.151837736
108.997176546
122.753451618
135.283214772
146.46127275
156.175938108
164.330145126
170.842419648
175.647693204
178.697953044
179.962722018
179.429362974
177.103205028
173.00749041
167.183142138
159.688355166
150.59801493
140.002949124
128.009020122
114.736067316
100.31670963
84.895020558
68.625088506
51.669477234
34.197601644
16.384034916
-1.593235674
-19.554587172
-37.320555708
-54.713629584
-71.560022958
-87.69141225
-102.946617918
-117.173215026
-130.22905608
-141.98369148
-152.319672756
-161.133726204
-168.337784736
-173.859867756
-177.644800458
-179.65476504
-179.869678578
-178.287393762
-174.923720226
-169.812266724
-163.00410516
-154.567260468
-144.586030806
-133.160145318
-120.403767672
-106.444355382
-91.421386272
-75.484964898
-58.794322698
-41.516227062
-23.823315018
-5.892368274
12.09745305
29.96640063
47.535933852
64.63050372
81.079306974
96.71799258
111.390303978
124.949640294
137.26052109
148.199940126
157.658594364
165.541976046
171.77131701
176.284375758
179.036059302
179.998873722
179.163198882
176.537384586
172.147667112
166.037907042
158.269151106
148.919022108
138.080943468
125.863205706
112.387884372
97.789620456
82.214274978
65.817471654
48.763041894
31.221387936
13.367780208
-4.619393982
-22.560412698
-40.276015236
-57.589193142
-74.326958856
-90.32207418
-105.4147212
-119.454099156
-132.29993124
-143.823866166
-153.910760544
-162.459829476
-169.385653494
-174.619032066
-178.107674994
-179.816724882
-179.729105526
-177.845692338
-174.185303778
-168.784513254
-161.697283668
-152.994428262
-142.76290311
-131.104938204
-118.137016116
-103.988707992
-88.8013791
-72.726776154
-55.925511318
-38.565457254
-20.820069882
-2.866655268
15.115402026
32.94643122
50.448270564
67.446047448
83.769925752
99.256802616
113.75193834
127.110502296
139.199020128
149.896707354
159.09667623
166.707003726
172.65164994
176.871217932
179.323547184
179.984134818
178.846380486
175.921652232
171.239172984
164.845728522
156.805200036
147.19792581
136.119898584
123.681806316
110.007926334
95.234883498
79.510285206
62.99124642
45.842819904
28.2363471
10.347746058
-7.644246246
-25.55985978
-43.22008764
-60.448474656
-77.07288051
-92.927199618
-107.853020856
-121.701210372
-134.333401608
-145.623377916
-155.458333566
-163.740000924
-170.385632334
-175.328826822
-178.520193612
-179.927845668
-179.53771815
-177.353709084
-173.39764041
-167.709039822
-160.344745938
-151.378340364
-140.899412448
-129.012664176
-115.836864012
-101.503660194
-86.156265348
-69.948025578
-53.04088827
-35.603783928
-17.810938368
0.159868224
18.12907746
35.917146936
53.346344166
70.242522354
86.436860472
101.767550058
116.081411922
129.235426704
141.098163804
151.551094698
160.48977714
167.824898802
173.483169534
177.408053784
179.560335402
179.9185095
178.478997336
175.256182026
170.282264868
163.60694361
155.296915866
145.435212666
134.12036889
121.465438722
107.596866042
92.653221042
76.783815684
60.147211824
42.909636906
25.243323084
7.324786314
-10.666937286
-28.552080384
-46.151940528
-63.290665746
-79.797011562
-95.506052004
-110.26082754
-123.913913328
-136.328892264
-147.381717978
-156.961954278
-164.973878622
-171.337438494
-175.989051324
-178.882239726
-179.988095934
-179.295570558
-176.811583122
-172.5609528
-166.586150466
-158.94687438
-149.719453668
-138.99608568
-126.883914732
-113.503961664
-98.989914528
-83.48679288
-67.149498798
-50.141269116
-32.632044462
-14.796771192
3.186346518
21.137627304
38.877707916
56.229335316
73.019137788
89.079357168
104.24952504
118.37806614
131.323812732
142.957415196
153.16263441
161.837503218
168.895345194
174.265640712
177.894731556
179.746357032
179.802016326
178.061153328
174.541162122
169.277213322
162.321902568
153.744725034
143.631381006
132.082919712
119.21472954
105.155385192
90.045363006
74.035637316
57.286171998
39.964322196
22.243162086
4.29975567
-13.686612498
-31.536228546
-49.070745018
-66.114962838
-82.49858181
-98.057902212
-112.637460474
-126.09158247
-138.285839034
-149.098389228
-158.421197592
-166.161113712
-172.24080291
-176.599518948
-179.19371097
-179.997458652
-179.00273124
-176.219467704
-171.675477504
-165.41616267
-157.50406422
-148.018237218
-137.053460934
-124.719291756
-111.138968664
-96.448181706
-80.793716418
-64.331987022
-47.227473666
-29.651079006
-11.778420582
6.211923948
24.140200968
41.827277106
59.096428902
75.775108698
91.696668678
106.70202585
120.641251644
133.375069944
144.776248632
154.730870892
163.13947344
169.918040286
174.998842254
178.331113638
179.881559478
179.634688236
177.59296656
173.776794678
168.224302512
160.990968708
152.14906638
141.78694086
130.008127104
116.930315106
102.684174048
87.412046688
71.266527036
54.408935808
37.007708472
19.236712356
1.27350936
-16.702418124
-34.511460552
-51.975675882
-68.920567434
-85.17682746
-100.582028802
-114.982247736
-128.233602072
-140.203688634
-150.772906278
-159.835650894
-167.30137053
-173.095470162
-177.160057074
-179.454519252
-179.955931212
-178.659282978
-175.577530248
-170.741464866
-164.19940722
-156.016723374
-146.275171992
-135.072087444
-122.519407248
-108.74255364
-93.879180378
-78.07779738
-61.49628684
-44.300325726
-26.661730392
-8.756739882
9.2357451
27.135949554
44.765020566
61.946814312
78.509655936
94.288055058
109.124359092
122.870328588
135.388618398
146.55414987
156.255360732
164.39531967
170.892694926
175.682566854
178.717076658
179.965904508
179.416572516
177.07456944
172.963295802
167.123830104
159.61451832
150.510391038
139.90241367
127.89657765
114.612841278
100.183931298
84.754016604
68.477267772
51.516316728
34.040631672
16.224823872
-1.753097004
-19.713501522
-37.476935226
-54.865911798
-71.70668631
-87.830991324
-103.077718092
-117.294526386
-130.339366542
-142.081898832
-152.404795746
-161.204914332
-168.394326678
-173.9011986
-177.67050723
-179.664590862
-179.863525314
-178.265322864
-174.88595223
-169.759178982
-162.936228132
-154.48527234
-144.490750776
-133.052525388
-120.284883162
-106.31539413
-91.283636844
-75.33980361
-58.643199972
-41.360652864
-23.664843792
-5.732583408
12.256955046
30.124026054
47.690107758
64.779685668
81.222006366
96.852783636
111.515839902
125.064666756
137.36388879
148.29061626
157.73567292
165.604686876
171.819033534
176.31662121
179.0525115
179.999368254
179.147730852
176.506108524
172.100895498
165.976107228
158.192940546
148.82916231
137.978332272
125.748868338
112.262963292
97.65536382
82.072024236
65.668648122
48.60913257
31.063930632
13.208348178
-4.77920772
-22.719011364
-40.431814164
-57.74063562
-74.47253175
-90.460322964
-105.544264518
-119.573642682
-132.408280512
-143.919938592
-153.99359622
-162.528600726
-169.439673186
-174.657760434
-178.130725092
-179.8238664
-179.720267094
-177.820962282
-174.144929202
-168.728897556
-161.626982526
-152.910144126
-142.665478092
-130.99534578
-118.016351262
-103.858176384
-88.662284928
-72.580509234
-55.773533088
-38.40928623
-20.661266484
-2.706806196
15.274699614
33.103585674
50.601711654
67.594242042
83.911393116
99.390129282
113.875792128
127.223645706
139.300322688
149.98515687
159.171388956
166.76723313
172.696794228
176.90082606
179.337323304
179.981941302
178.82823924
175.887744516
171.189837594
164.781458388
156.726637326
147.105855522
136.015240626
123.565606416
109.88134551
95.09918652
79.366827888
62.841462156
45.688205304
28.078446996
10.188138132
-7.80396723
-25.718097942
-43.375261914
-60.599034612
-77.21732178
-93.064078998
-107.980970706
-121.818952242
-134.439759072
-145.717288272
-155.53885851
-163.806335874
-170.437114476
-175.36494177
-178.540580538
-179.932300848
-179.52619707
-177.32632689
-173.354670648
-167.650911864
-160.272040572
-151.291784034
-140.79987
-128.9011302
-115.714452924
-101.371595094
-86.01586578
-69.800694372
-52.888097502
-35.447060232
-17.651847672
0.319736322
18.288125622
36.073786014
53.49900906
70.38968769
86.57705583
101.899374642
116.203548582
129.346655094
141.197372568
151.637292576
160.562102886
167.882629734
173.525728842
177.435016218
179.571431574
179.913628548
178.458188004
175.21965225
170.230379634
163.540221354
155.216023236
145.340957916
134.01369378
121.347409122
107.468661276
92.51612208
76.63919238
59.9965092
42.754360716
25.08502482
7.165047636
-10.826520336
-28.709913294
-46.3064463
-63.440300592
-79.940280366
-95.641523298
-110.387147724
-124.029820278
-136.433227842
-147.473439714
-157.04014572
-165.037758498
-171.386368542
-176.022542664
-178.899957702
-179.989863516
-179.281370106
-176.781556494
-172.51540002
-166.5255267
-158.871785346
-149.630649642
-138.894453954
-126.770470776
-113.379838974
-98.856353286
-83.345127606
-67.001144958
-49.98770901
-32.47481241
-14.637438198
3.346188444
21.296381076
39.033787302
56.381180832
73.16523225
89.218240848
104.379810264
118.49845113
131.433094656
143.05450212
153.246556296
161.907421536
168.950561346
174.305602998
177.919040682
179.754770106
179.794449306
178.037681796
174.502020618
169.222792932
162.252747036
153.661525326
143.534968452
131.974257618
119.094903612
105.025592718
89.906900814
73.889888868
57.134593584
39.808428318
22.08451041
4.139931366
-13.846012506
-31.693611582
-49.224538584
-66.263630274
-82.640637666
-98.191927116
-112.762115298
-126.205621686
-138.388123242
-149.187896388
-158.49703341
-166.22252046
-172.28716704
-176.630377176
-179.208754992
-179.99653815
-178.985855412
-176.186805156
-171.627354594
-165.353060232
-157.426612758
-147.927210588
-136.94976864
-124.603969878
-111.013169436
-96.313162104
-80.650825488
-64.182652488
-47.073187638
-29.493383058
-11.618890344
6.371694486
24.298615458
41.982752682
59.247412128
75.920091012
91.83420144
106.830734886
120.759850944
133.482374496
144.871186266
154.812493044
163.206964566
169.970726052
175.036196214
178.35276258
179.887287078
179.624437272
177.56683947
173.735052516
168.16736232
160.919399448
152.06358312
141.688397736
129.897508734
116.808726744
102.552830568
87.272260416
71.119694682
54.25652448
36.851241006
19.077752124
1.113644628
-16.861590018
-34.668349236
-52.128713772
-69.068225412
-85.317630192
-100.714569408
-115.105201938
-128.345741352
-140.303892528
-150.86017359
-159.909109668
-167.36028678
-173.139255234
-177.188273478
-179.466885072
-179.95232286
-178.639736526
-175.542240996
-170.690785434
-164.133843948
-155.936931354
-146.181948498
-134.966363922
-122.402240046
-108.61511346
-93.742740558
-77.933721186
-61.34601384
-44.14535739
-26.503615116
-8.59705749
9.395399088
27.29397996
44.919848394
62.096892552
78.653485098
94.424198004
109.251455544
122.987108646
135.49391523
146.646911394
156.334660092
164.460364542
170.942835384
175.71730194
178.736059278
179.968945014
179.403640524
177.045794172
172.918964772
167.064386238
159.540555564
150.4226484
139.801767876
127.78403427
114.489524862
100.051073946
84.61294578
68.32939302
51.36311556
33.883634826
16.065600012
-1.912956966
-19.872400302
-37.633285188
-55.01815074
-71.853293106
-87.970501116
-103.20873696
-117.415745226
-130.44957417
-142.179994098
-152.489798514
-161.275975272
-168.450735798
-173.942392266
-177.696073836
-179.67427497
-179.857230156
-178.243111332
-174.848046282
-169.705957338
-162.868222566
-154.403162352
-144.39535677
-132.944800518
-120.165903774
-106.186349034
-91.145815398

